40000000.0,-114.56432342529297;
40100000.0,-117.75086975097656;
40200000.0,-119.65911865234375;
40300000.0,-119.72406005859375;
40400000.0,-119.73869323730469;
40500000.0,-119.63919830322266;
40600000.0,-119.60236358642578;
40700000.0,-119.45956420898438;
40800000.0,-119.45188903808594;
40900000.0,-119.30763244628906;
41000000.0,-119.21038818359375;
41100000.0,-119.17473602294922;
41200000.0,-119.03657531738281;
41300000.0,-119.18865203857422;
41400000.0,-119.01249694824219;
41500000.0,-119.01762390136719;
41600000.0,-118.97013854980469;
41700000.0,-118.9425277709961;
41800000.0,-118.84091186523438;
41900000.0,-118.76021575927734;
42000000.0,-118.4957504272461;
42100000.0,-118.5782470703125;
42200000.0,-118.69883728027344;
42300000.0,-118.55300903320312;
42400000.0,-118.48486328125;
42500000.0,-118.4592056274414;
42600000.0,-118.53910827636719;
42700000.0,-118.50074005126953;
42800000.0,-118.29700469970703;
42900000.0,-118.49639129638672;
43000000.0,-118.55795288085938;
43100000.0,-118.63819122314453;
43200000.0,-118.6151123046875;
43300000.0,-118.55604553222656;
43400000.0,-118.50570678710938;
43500000.0,-118.49325561523438;
43600000.0,-118.40447235107422;
43700000.0,-118.51991271972656;
43800000.0,-118.39878845214844;
43900000.0,-118.46495056152344;
44000000.0,-118.54469299316406;
44100000.0,-118.55292510986328;
44200000.0,-118.55345153808594;
44300000.0,-118.63490295410156;
44400000.0,-118.49650573730469;
44500000.0,-118.41456604003906;
44600000.0,-118.57825469970703;
44700000.0,-118.7333984375;
44800000.0,-118.81320190429688;
44900000.0,-118.83797454833984;
45000000.0,-118.47160339355469;
45100000.0,-118.32711791992188;
45200000.0,-118.47026824951172;
45300000.0,-118.42174530029297;
45400000.0,-118.47335815429688;
45500000.0,-118.61293029785156;
45600000.0,-118.64128112792969;
45700000.0,-118.50625610351562;
45800000.0,-118.66458892822266;
45900000.0,-118.81666564941406;
46000000.0,-118.70628356933594;
46100000.0,-118.59561920166016;
46200000.0,-118.66385650634766;
46300000.0,-118.53286743164062;
46400000.0,-118.55934143066406;
46500000.0,-118.6904296875;
46600000.0,-118.68610382080078;
46700000.0,-118.73596954345703;
46800000.0,-118.68873596191406;
46900000.0,-118.74427795410156;
47000000.0,-118.76265716552734;
47100000.0,-118.67835998535156;
47200000.0,-118.60139465332031;
47300000.0,-118.6613540649414;
47400000.0,-118.69308471679688;
47500000.0,-118.71697235107422;
47600000.0,-118.75077819824219;
47700000.0,-118.69080352783203;
47800000.0,-118.69174194335938;
47900000.0,-118.76129150390625;
48000000.0,-118.65289306640625;
48100000.0,-118.78401184082031;
48200000.0,-118.73783111572266;
48300000.0,-118.69086456298828;
48400000.0,-118.74042510986328;
48500000.0,-118.67900085449219;
48600000.0,-118.71405792236328;
48700000.0,-118.6996841430664;
48800000.0,-118.61573028564453;
48900000.0,-118.79251098632812;
49000000.0,-118.73579406738281;
49100000.0,-118.65878295898438;
49200000.0,-118.64936828613281;
49300000.0,-118.68010711669922;
49400000.0,-118.75091552734375;
49500000.0,-118.7044677734375;
49600000.0,-118.60973358154297;
49700000.0,-118.75685119628906;
49800000.0,-118.40594482421875;
49900000.0,-118.63992309570312;
50000000.0,-122.88327026367188;
50100000.0,-118.8504638671875;
50200000.0,-118.51779174804688;
50300000.0,-118.49224853515625;
50400000.0,-118.49674224853516;
50500000.0,-118.5536880493164;
50600000.0,-118.57181549072266;
50700000.0,-118.69568634033203;
50800000.0,-118.73963165283203;
50900000.0,-118.72013854980469;
51000000.0,-118.47689819335938;
51100000.0,-118.74835968017578;
51200000.0,-118.63299560546875;
51300000.0,-118.70708465576172;
51400000.0,-118.85401916503906;
51500000.0,-118.86569213867188;
51600000.0,-118.88116455078125;
51700000.0,-118.81668090820312;
51800000.0,-118.72329711914062;
51900000.0,-118.85069274902344;
52000000.0,-118.8254165649414;
52100000.0,-118.71845245361328;
52200000.0,-118.61637878417969;
52300000.0,-118.80633544921875;
52400000.0,-118.06990051269531;
52500000.0,-117.849609375;
52600000.0,-118.6863784790039;
52700000.0,-118.85181427001953;
52800000.0,-118.67802429199219;
52900000.0,-118.70128631591797;
53000000.0,-118.8828125;
53100000.0,-118.91348266601562;
53200000.0,-118.84672546386719;
53300000.0,-118.76819610595703;
53400000.0,-118.7819595336914;
53500000.0,-118.92434692382812;
53600000.0,-118.88203430175781;
53700000.0,-118.83419036865234;
53800000.0,-118.85513305664062;
53900000.0,-118.89708709716797;
54000000.0,-118.92668914794922;
54100000.0,-118.77775573730469;
54200000.0,-118.71516418457031;
54300000.0,-118.96407318115234;
54400000.0,-119.01411437988281;
54500000.0,-118.9170150756836;
54600000.0,-118.83551025390625;
54700000.0,-118.8667221069336;
54800000.0,-118.9004898071289;
54900000.0,-118.88322448730469;
55000000.0,-118.74022674560547;
55100000.0,-118.80843353271484;
55200000.0,-118.83047485351562;
55300000.0,-118.71502685546875;
55400000.0,-118.83304595947266;
55500000.0,-118.99696350097656;
55600000.0,-118.84757995605469;
55700000.0,-118.81684875488281;
55800000.0,-118.74566650390625;
55900000.0,-118.80042266845703;
56000000.0,-118.90498352050781;
56100000.0,-118.92152404785156;
56200000.0,-118.933837890625;
56300000.0,-118.88309478759766;
56400000.0,-118.73023223876953;
56500000.0,-118.87916564941406;
56600000.0,-118.88634490966797;
56700000.0,-118.80503845214844;
56800000.0,-118.8897705078125;
56900000.0,-118.95393371582031;
57000000.0,-118.88551330566406;
57100000.0,-118.90877532958984;
57200000.0,-118.87047576904297;
57300000.0,-118.87264251708984;
57400000.0,-118.81661987304688;
57500000.0,-118.98334503173828;
57600000.0,-118.9531021118164;
57700000.0,-119.03926086425781;
57800000.0,-118.9718246459961;
57900000.0,-118.72686767578125;
58000000.0,-118.81066131591797;
58100000.0,-119.11390686035156;
58200000.0,-119.25440979003906;
58300000.0,-119.18020629882812;
58400000.0,-119.25033569335938;
58500000.0,-119.36216735839844;
58600000.0,-119.37310028076172;
58700000.0,-119.34752655029297;
58800000.0,-119.58321380615234;
58900000.0,-119.71224975585938;
59000000.0,-119.6456527709961;
59100000.0,-119.63371276855469;
59200000.0,-119.53932189941406;
59300000.0,-119.58026885986328;
59400000.0,-119.66072082519531;
59500000.0,-119.70085906982422;
59600000.0,-119.67611694335938;
59700000.0,-119.68334197998047;
59800000.0,-119.65713500976562;
59900000.0,-117.77694702148438;
60000000.0,-107.14360046386719;
60100000.0,-112.55423736572266;
60200000.0,-119.91770935058594;
60300000.0,-119.886474609375;
60400000.0,-119.9002456665039;
60500000.0,-119.87303161621094;
60600000.0,-119.8367691040039;
60700000.0,-119.82217407226562;
60800000.0,-119.88158416748047;
60900000.0,-119.70936584472656;
61000000.0,-119.64065551757812;
61100000.0,-119.70956420898438;
61200000.0,-119.67222595214844;
61300000.0,-119.47802734375;
61400000.0,-119.40357208251953;
61500000.0,-119.41895294189453;
61600000.0,-119.28852844238281;
61700000.0,-119.20384216308594;
61800000.0,-119.20806884765625;
61900000.0,-119.13943481445312;
62000000.0,-119.07569885253906;
62100000.0,-119.3351821899414;
62200000.0,-119.2636489868164;
62300000.0,-119.08118438720703;
62400000.0,-119.09109497070312;
62500000.0,-118.96267700195312;
62600000.0,-118.92440032958984;
62700000.0,-119.13414001464844;
62800000.0,-118.99873352050781;
62900000.0,-118.84434509277344;
63000000.0,-118.83831787109375;
63100000.0,-118.46559143066406;
63200000.0,-118.50279235839844;
63300000.0,-119.0144271850586;
63400000.0,-118.98081970214844;
63500000.0,-118.97120666503906;
63600000.0,-118.97099304199219;
63700000.0,-118.90129852294922;
63800000.0,-119.03169250488281;
63900000.0,-119.2073974609375;
64000000.0,-118.90137481689453;
64100000.0,-118.88079833984375;
64200000.0,-118.96895599365234;
64300000.0,-119.03705596923828;
64400000.0,-119.09911346435547;
64500000.0,-119.08089447021484;
64600000.0,-119.07489013671875;
64700000.0,-119.0617446899414;
64800000.0,-119.17735290527344;
64900000.0,-119.06826782226562;
65000000.0,-118.96640014648438;
65100000.0,-119.07310485839844;
65200000.0,-119.04641723632812;
65300000.0,-119.14241027832031;
65400000.0,-119.09011840820312;
65500000.0,-118.85052490234375;
65600000.0,-119.05203247070312;
65700000.0,-118.9516372680664;
65800000.0,-119.07391357421875;
65900000.0,-118.96541595458984;
66000000.0,-118.90251159667969;
66100000.0,-119.1384506225586;
66200000.0,-119.17304229736328;
66300000.0,-119.05226135253906;
66400000.0,-119.17575073242188;
66500000.0,-119.20504760742188;
66600000.0,-119.09724426269531;
66700000.0,-118.99630737304688;
66800000.0,-118.96270751953125;
66900000.0,-118.594970703125;
67000000.0,-118.91414642333984;
67100000.0,-119.04544830322266;
67200000.0,-119.04669189453125;
67300000.0,-119.16685485839844;
67400000.0,-119.1658706665039;
67500000.0,-119.15887451171875;
67600000.0,-119.13720703125;
67700000.0,-119.25230407714844;
67800000.0,-119.35523223876953;
67900000.0,-119.35265350341797;
68000000.0,-119.29837036132812;
68100000.0,-119.35887145996094;
68200000.0,-119.31005859375;
68300000.0,-119.1767807006836;
68400000.0,-119.14864349365234;
68500000.0,-119.14352416992188;
68600000.0,-119.32296752929688;
68700000.0,-119.26224517822266;
68800000.0,-119.12089538574219;
68900000.0,-119.14130401611328;
69000000.0,-119.12606811523438;
69100000.0,-119.14299774169922;
69200000.0,-119.19345092773438;
69300000.0,-119.14897918701172;
69400000.0,-119.001708984375;
69500000.0,-119.02740478515625;
69600000.0,-119.06311798095703;
69700000.0,-119.09827423095703;
69800000.0,-119.0716552734375;
69900000.0,-119.65757751464844;
70000000.0,-123.67930603027344;
70100000.0,-119.79725646972656;
70200000.0,-119.1561279296875;
70300000.0,-119.17669677734375;
70400000.0,-119.30972290039062;
70500000.0,-119.14952087402344;
70600000.0,-119.2256088256836;
70700000.0,-119.30604553222656;
70800000.0,-119.27737426757812;
70900000.0,-119.21084594726562;
71000000.0,-119.12094116210938;
71100000.0,-119.04939270019531;
71200000.0,-119.25846099853516;
71300000.0,-119.27269744873047;
71400000.0,-119.26002502441406;
71500000.0,-119.1513671875;
71600000.0,-119.0745849609375;
71700000.0,-119.15068054199219;
71800000.0,-119.23172760009766;
71900000.0,-119.19021606445312;
72000000.0,-119.09283447265625;
72100000.0,-119.285400390625;
72200000.0,-119.39849853515625;
72300000.0,-119.39276123046875;
72400000.0,-119.13763427734375;
72500000.0,-119.26962280273438;
72600000.0,-119.40847778320312;
72700000.0,-119.24134826660156;
72800000.0,-119.26446533203125;
72900000.0,-119.23316192626953;
73000000.0,-118.96328735351562;
73100000.0,-119.11658477783203;
73200000.0,-119.17559814453125;
73300000.0,-119.35501098632812;
73400000.0,-119.2122802734375;
73500000.0,-119.38247680664062;
73600000.0,-119.42399597167969;
73700000.0,-119.26885986328125;
73800000.0,-119.1312255859375;
73900000.0,-119.30854034423828;
74000000.0,-119.2918472290039;
74100000.0,-119.28199005126953;
74200000.0,-119.34312438964844;
74300000.0,-119.35501098632812;
74400000.0,-119.2984619140625;
74500000.0,-119.38429260253906;
74600000.0,-119.24543762207031;
74700000.0,-119.19696044921875;
74800000.0,-119.23885345458984;
74900000.0,-119.27315521240234;
75000000.0,-119.18727111816406;
75100000.0,-119.15093231201172;
75200000.0,-119.15337371826172;
75300000.0,-119.24658203125;
75400000.0,-119.14369201660156;
75500000.0,-119.1959228515625;
75600000.0,-119.22270965576172;
75700000.0,-119.35047149658203;
75800000.0,-119.25567626953125;
75900000.0,-119.30903625488281;
76000000.0,-119.34149169921875;
76100000.0,-119.4880599975586;
76200000.0,-119.39125061035156;
76300000.0,-119.11141967773438;
76400000.0,-119.14376068115234;
76500000.0,-119.3619155883789;
76600000.0,-119.39632415771484;
76700000.0,-119.41056823730469;
76800000.0,-119.31819152832031;
76900000.0,-119.24055480957031;
77000000.0,-119.31939697265625;
77100000.0,-119.19970703125;
77200000.0,-119.14936828613281;
77300000.0,-119.25657653808594;
77400000.0,-119.39811706542969;
77500000.0,-119.34992980957031;
77600000.0,-119.32008361816406;
77700000.0,-119.47464752197266;
77800000.0,-119.49713897705078;
77900000.0,-119.37005615234375;
78000000.0,-119.47281646728516;
78100000.0,-119.72517395019531;
78200000.0,-119.729736328125;
78300000.0,-119.57577514648438;
78400000.0,-119.4991455078125;
78500000.0,-119.73928833007812;
78600000.0,-119.77181243896484;
78700000.0,-119.73915100097656;
78800000.0,-119.87641906738281;
78900000.0,-119.95144653320312;
79000000.0,-119.87747955322266;
79100000.0,-119.86238098144531;
79200000.0,-119.8475341796875;
79300000.0,-119.92425537109375;
79400000.0,-119.99562072753906;
79500000.0,-119.91934204101562;
79600000.0,-120.02706909179688;
79700000.0,-120.00495147705078;
79800000.0,-120.08812713623047;
79900000.0,-112.510986328125;
80000000.0,-106.53115844726562;
80100000.0,-111.99147033691406;
80200000.0,-120.03868103027344;
80300000.0,-120.0843734741211;
80400000.0,-120.02691650390625;
80500000.0,-119.8989486694336;
80600000.0,-119.82470703125;
80700000.0,-119.7640609741211;
80800000.0,-119.78865051269531;
80900000.0,-119.74295043945312;
81000000.0,-119.612060546875;
81100000.0,-119.77008056640625;
81200000.0,-119.69740295410156;
81300000.0,-119.71846771240234;
81400000.0,-119.60816955566406;
81500000.0,-119.52481079101562;
81600000.0,-119.46953582763672;
81700000.0,-119.3956069946289;
81800000.0,-119.30110931396484;
81900000.0,-119.25764465332031;
82000000.0,-119.25862121582031;
82100000.0,-119.06861877441406;
82200000.0,-119.02678680419922;
82300000.0,-118.9915542602539;
82400000.0,-118.95220947265625;
82500000.0,-118.9832763671875;
82600000.0,-118.96730041503906;
82700000.0,-119.08465576171875;
82800000.0,-119.15900421142578;
82900000.0,-118.961181640625;
83000000.0,-118.85456848144531;
83100000.0,-119.14131927490234;
83200000.0,-119.129638671875;
83300000.0,-119.20454406738281;
83400000.0,-119.22360229492188;
83500000.0,-119.19440460205078;
83600000.0,-119.09171295166016;
83700000.0,-119.01596069335938;
83800000.0,-119.07554626464844;
83900000.0,-119.11910247802734;
84000000.0,-119.17819213867188;
84100000.0,-119.20746612548828;
84200000.0,-119.2917251586914;
84300000.0,-119.30217742919922;
84400000.0,-119.2849349975586;
84500000.0,-119.1497802734375;
84600000.0,-119.06495666503906;
84700000.0,-119.17465209960938;
84800000.0,-119.23808288574219;
84900000.0,-119.12551879882812;
85000000.0,-119.14488983154297;
85100000.0,-119.18173217773438;
85200000.0,-119.33700561523438;
85300000.0,-119.25811767578125;
85400000.0,-119.20355987548828;
85500000.0,-119.32402801513672;
85600000.0,-119.34078216552734;
85700000.0,-119.38793182373047;
85800000.0,-119.46643829345703;
85900000.0,-119.34158325195312;
86000000.0,-119.29379272460938;
86100000.0,-119.40880584716797;
86200000.0,-119.30522155761719;
86300000.0,-119.22294616699219;
86400000.0,-119.14191436767578;
86500000.0,-119.23542022705078;
86600000.0,-119.21885681152344;
86700000.0,-119.26807403564453;
86800000.0,-119.42549896240234;
86900000.0,-119.4324951171875;
87000000.0,-119.24465942382812;
87100000.0,-119.18533325195312;
87200000.0,-119.02606964111328;
87300000.0,-119.14163208007812;
87400000.0,-119.31947326660156;
87500000.0,-119.28370666503906;
87600000.0,-119.27580261230469;
87700000.0,-119.30359649658203;
87800000.0,-119.28211212158203;
87900000.0,-119.40021514892578;
88000000.0,-119.44889831542969;
88100000.0,-119.56864166259766;
88200000.0,-119.5402603149414;
88300000.0,-119.57337188720703;
88400000.0,-119.40201568603516;
88500000.0,-119.34943389892578;
88600000.0,-119.34988403320312;
88700000.0,-119.42206573486328;
88800000.0,-119.5570068359375;
88900000.0,-119.48031616210938;
89000000.0,-119.29685974121094;
89100000.0,-119.31166076660156;
89200000.0,-119.33331298828125;
89300000.0,-119.32489013671875;
89400000.0,-119.29380798339844;
89500000.0,-119.31603240966797;
89600000.0,-119.36367797851562;
89700000.0,-119.20924377441406;
89800000.0,-119.251953125;
89900000.0,-120.04695892333984;
90000000.0,-124.41203308105469;
90100000.0,-120.37329864501953;
90200000.0,-119.46704864501953;
90300000.0,-119.460693359375;
90400000.0,-119.5379638671875;
90500000.0,-119.62701416015625;
90600000.0,-119.53224182128906;
90700000.0,-119.46834564208984;
90800000.0,-119.44036865234375;
90900000.0,-119.35028076171875;
91000000.0,-119.35535430908203;
91100000.0,-119.44216918945312;
91200000.0,-119.38922882080078;
91300000.0,-119.42372131347656;
91400000.0,-119.48056030273438;
91500000.0,-119.66170501708984;
91600000.0,-119.52897644042969;
91700000.0,-119.37926483154297;
91800000.0,-119.37554168701172;
91900000.0,-119.26375579833984;
92000000.0,-119.26451110839844;
92100000.0,-119.25326538085938;
92200000.0,-119.254638671875;
92300000.0,-118.94812774658203;
92400000.0,-119.05072021484375;
92500000.0,-119.34671020507812;
92600000.0,-119.43115997314453;
92700000.0,-119.46692657470703;
92800000.0,-119.33348846435547;
92900000.0,-119.35189056396484;
93000000.0,-119.50520324707031;
93100000.0,-119.4749755859375;
93200000.0,-119.48291015625;
93300000.0,-119.58496856689453;
93400000.0,-119.6962661743164;
93500000.0,-119.57862854003906;
93600000.0,-119.49889373779297;
93700000.0,-119.42930603027344;
93800000.0,-119.46612548828125;
93900000.0,-119.5382080078125;
94000000.0,-119.41554260253906;
94100000.0,-119.44267272949219;
94200000.0,-119.51542663574219;
94300000.0,-119.33273315429688;
94400000.0,-119.36611938476562;
94500000.0,-119.38873291015625;
94600000.0,-119.25640869140625;
94700000.0,-119.46898651123047;
94800000.0,-119.55732727050781;
94900000.0,-119.47209167480469;
95000000.0,-119.49435424804688;
95100000.0,-119.4266128540039;
95200000.0,-119.5114974975586;
95300000.0,-119.59622192382812;
95400000.0,-119.55718231201172;
95500000.0,-119.44271087646484;
95600000.0,-119.63594055175781;
95700000.0,-119.56861877441406;
95800000.0,-119.54753875732422;
95900000.0,-119.5643539428711;
96000000.0,-119.48893737792969;
96100000.0,-119.5594482421875;
96200000.0,-119.52851104736328;
96300000.0,-119.50453186035156;
96400000.0,-119.26213073730469;
96500000.0,-119.30469512939453;
96600000.0,-119.44889831542969;
96700000.0,-119.5547103881836;
96800000.0,-119.41276550292969;
96900000.0,-119.46711730957031;
97000000.0,-119.25975036621094;
97100000.0,-119.46846771240234;
97200000.0,-119.52203369140625;
97300000.0,-119.54959106445312;
97400000.0,-119.64041900634766;
97500000.0,-119.6796875;
97600000.0,-119.59600830078125;
97700000.0,-119.59980773925781;
97800000.0,-119.57261657714844;
97900000.0,-119.65156555175781;
98000000.0,-119.60250091552734;
98100000.0,-119.66293334960938;
98200000.0,-119.70276641845703;
98300000.0,-119.8502197265625;
98400000.0,-119.84058380126953;
98500000.0,-119.84791564941406;
98600000.0,-119.81720733642578;
98700000.0,-119.85785675048828;
98800000.0,-119.86334228515625;
98900000.0,-119.86361694335938;
99000000.0,-119.78932189941406;
99100000.0,-119.93136596679688;
99200000.0,-119.89421844482422;
99300000.0,-119.89863586425781;
99400000.0,-119.99151611328125;
99500000.0,-119.93873596191406;
99600000.0,-120.01229858398438;
99700000.0,-119.85078430175781;
99800000.0,-119.9521484375;
99900000.0,-112.00112915039062;
100000000.0,-107.3847885131836;
100100000.0,-112.76294708251953;
100200000.0,-120.26377868652344;
100300000.0,-120.37764739990234;
100400000.0,-120.31645965576172;
100500000.0,-120.43682098388672;
100600000.0,-120.37227630615234;
100700000.0,-120.27314758300781;
100800000.0,-120.23262023925781;
100900000.0,-120.24217224121094;
101000000.0,-120.09144592285156;
101100000.0,-119.95252990722656;
101200000.0,-120.02613067626953;
101300000.0,-120.15650939941406;
101400000.0,-120.02291870117188;
101500000.0,-120.02220153808594;
101600000.0,-119.87499237060547;
101700000.0,-119.77963256835938;
101800000.0,-119.8438720703125;
101900000.0,-119.84085845947266;
102000000.0,-119.71076965332031;
102100000.0,-119.79830932617188;
102200000.0,-119.83063507080078;
102300000.0,-119.83069610595703;
102400000.0,-119.72834777832031;
102500000.0,-119.74528503417969;
102600000.0,-119.78565216064453;
102700000.0,-119.73764038085938;
102800000.0,-119.81232452392578;
102900000.0,-119.78329467773438;
103000000.0,-119.96151733398438;
103100000.0,-120.01667785644531;
103200000.0,-119.69900512695312;
103300000.0,-119.68928527832031;
103400000.0,-119.88285064697266;
103500000.0,-119.9140625;
103600000.0,-119.7512435913086;
103700000.0,-119.8799057006836;
103800000.0,-119.9134750366211;
103900000.0,-119.86802673339844;
104000000.0,-119.80899810791016;
104100000.0,-119.78977966308594;
104200000.0,-119.85550689697266;
104300000.0,-119.80801391601562;
104400000.0,-119.783203125;
104500000.0,-119.77799987792969;
104600000.0,-119.73403930664062;
104700000.0,-119.81629943847656;
104800000.0,-119.92408752441406;
104900000.0,-119.93453216552734;
105000000.0,-119.9472885131836;
105100000.0,-119.94805145263672;
105200000.0,-119.91732788085938;
105300000.0,-119.93026733398438;
105400000.0,-119.99627685546875;
105500000.0,-120.0215835571289;
105600000.0,-119.99893951416016;
105700000.0,-120.00106048583984;
105800000.0,-120.03302764892578;
105900000.0,-119.97088623046875;
106000000.0,-119.86836242675781;
106100000.0,-119.81233215332031;
106200000.0,-119.82772064208984;
106300000.0,-119.91451263427734;
106400000.0,-119.87720489501953;
106500000.0,-119.90434265136719;
106600000.0,-119.92304992675781;
106700000.0,-119.85088348388672;
106800000.0,-119.91825103759766;
106900000.0,-119.92037963867188;
107000000.0,-119.94072723388672;
107100000.0,-120.00565338134766;
107200000.0,-119.89226531982422;
107300000.0,-119.94990539550781;
107400000.0,-119.99955749511719;
107500000.0,-120.01182556152344;
107600000.0,-120.15408325195312;
107700000.0,-120.07633972167969;
107800000.0,-120.00313568115234;
107900000.0,-120.00202178955078;
108000000.0,-120.00090789794922;
108100000.0,-120.00713348388672;
108200000.0,-120.024658203125;
108300000.0,-120.03492736816406;
108400000.0,-119.93473052978516;
108500000.0,-119.83027648925781;
108600000.0,-119.9594955444336;
108700000.0,-120.08499145507812;
108800000.0,-120.01007080078125;
108900000.0,-119.8709716796875;
109000000.0,-119.99504852294922;
109100000.0,-120.13177490234375;
109200000.0,-120.0399169921875;
109300000.0,-120.06965637207031;
109400000.0,-120.00343322753906;
109500000.0,-120.0437240600586;
109600000.0,-120.17791748046875;
109700000.0,-120.07361602783203;
109800000.0,-119.82234954833984;
109900000.0,-120.5356216430664;
110000000.0,-124.54704284667969;
110100000.0,-120.79562377929688;
110200000.0,-119.99617004394531;
110300000.0,-119.95346069335938;
110400000.0,-120.01658630371094;
110500000.0,-120.02049255371094;
110600000.0,-120.05977630615234;
110700000.0,-120.15404510498047;
110800000.0,-119.97076416015625;
110900000.0,-119.85560607910156;
111000000.0,-119.84569549560547;
111100000.0,-119.90098571777344;
111200000.0,-120.0193099975586;
111300000.0,-119.98419952392578;
111400000.0,-120.02609252929688;
111500000.0,-120.04428100585938;
111600000.0,-120.05267333984375;
111700000.0,-119.91519927978516;
111800000.0,-120.01101684570312;
111900000.0,-120.04646301269531;
112000000.0,-119.92388916015625;
112100000.0,-119.93008422851562;
112200000.0,-119.95952606201172;
112300000.0,-119.9686508178711;
112400000.0,-119.98255920410156;
112500000.0,-119.9587631225586;
112600000.0,-119.92218780517578;
112700000.0,-120.01578521728516;
112800000.0,-119.92861938476562;
112900000.0,-120.02470397949219;
113000000.0,-119.95787048339844;
113100000.0,-119.9442138671875;
113200000.0,-120.10673522949219;
113300000.0,-120.20306396484375;
113400000.0,-120.17359924316406;
113500000.0,-120.15547943115234;
113600000.0,-120.03490447998047;
113700000.0,-120.00839233398438;
113800000.0,-119.90048217773438;
113900000.0,-119.89429473876953;
114000000.0,-120.05081939697266;
114100000.0,-119.9232406616211;
114200000.0,-119.9006576538086;
114300000.0,-120.02930450439453;
114400000.0,-120.13864135742188;
114500000.0,-120.12870025634766;
114600000.0,-120.09598541259766;
114700000.0,-119.9393310546875;
114800000.0,-119.9308090209961;
114900000.0,-120.05097198486328;
115000000.0,-120.01244354248047;
115100000.0,-120.01692199707031;
115200000.0,-119.94186401367188;
115300000.0,-119.97866821289062;
115400000.0,-120.00942993164062;
115500000.0,-119.96397399902344;
115600000.0,-120.00224304199219;
115700000.0,-119.96182250976562;
115800000.0,-120.0177001953125;
115900000.0,-119.9141845703125;
116000000.0,-120.06843566894531;
116100000.0,-120.03384399414062;
116200000.0,-120.10627746582031;
116300000.0,-119.9931411743164;
116400000.0,-119.83709716796875;
116500000.0,-119.96062469482422;
116600000.0,-120.0216293334961;
116700000.0,-120.10025024414062;
116800000.0,-119.94647216796875;
116900000.0,-119.8855972290039;
117000000.0,-119.88920593261719;
117100000.0,-119.90097045898438;
117200000.0,-119.92153930664062;
117300000.0,-119.92501831054688;
117400000.0,-119.96527099609375;
117500000.0,-120.06409454345703;
117600000.0,-120.00360107421875;
117700000.0,-119.98228454589844;
117800000.0,-119.8452377319336;
117900000.0,-119.93931579589844;
118000000.0,-119.90814971923828;
118100000.0,-120.08859252929688;
118200000.0,-120.24005889892578;
118300000.0,-120.19300842285156;
118400000.0,-120.19747924804688;
118500000.0,-120.1790542602539;
118600000.0,-120.19696044921875;
118700000.0,-120.19992065429688;
118800000.0,-120.304443359375;
118900000.0,-120.22068786621094;
119000000.0,-120.23211669921875;
119100000.0,-120.06985473632812;
119200000.0,-120.06906127929688;
119300000.0,-120.31211853027344;
119400000.0,-120.39839935302734;
119500000.0,-120.4568862915039;
119600000.0,-120.3009033203125;
119700000.0,-120.33705139160156;
119800000.0,-120.42167663574219;
119900000.0,-112.75730895996094;
120000000.0,-111.14279174804688;
120100000.0,-115.66036224365234;
120200000.0,-119.96334075927734;
120300000.0,-120.04008483886719;
120400000.0,-120.15694427490234;
120500000.0,-120.1553955078125;
120600000.0,-120.1772689819336;
120700000.0,-119.97740936279297;
120800000.0,-119.8860092163086;
120900000.0,-119.91365051269531;
121000000.0,-119.88992309570312;
121100000.0,-119.85592651367188;
121200000.0,-119.75457763671875;
121300000.0,-119.9330062866211;
121400000.0,-119.951904296875;
121500000.0,-119.85629272460938;
121600000.0,-119.61894226074219;
121700000.0,-119.56916809082031;
121800000.0,-119.6412582397461;
121900000.0,-119.56245422363281;
122000000.0,-119.2775650024414;
122100000.0,-119.14730072021484;
122200000.0,-119.32246398925781;
122300000.0,-119.67163848876953;
122400000.0,-119.69403076171875;
122500000.0,-119.63002014160156;
122600000.0,-119.53209686279297;
122700000.0,-119.52871704101562;
122800000.0,-119.65773010253906;
122900000.0,-119.61559295654297;
123000000.0,-119.58045196533203;
123100000.0,-119.68452453613281;
123200000.0,-119.76815032958984;
123300000.0,-119.680908203125;
123400000.0,-119.64822387695312;
123500000.0,-119.61910247802734;
123600000.0,-119.63859558105469;
123700000.0,-119.5521240234375;
123800000.0,-119.53654479980469;
123900000.0,-119.58793640136719;
124000000.0,-119.4450454711914;
124100000.0,-119.46228790283203;
124200000.0,-119.62752532958984;
124300000.0,-119.5909194946289;
124400000.0,-119.69656372070312;
124500000.0,-119.64497375488281;
124600000.0,-119.71702575683594;
124700000.0,-119.57508087158203;
124800000.0,-119.564208984375;
124900000.0,-119.66667938232422;
125000000.0,-119.74593353271484;
125100000.0,-119.79489135742188;
125200000.0,-119.75337219238281;
125300000.0,-119.74242401123047;
125400000.0,-119.75066375732422;
125500000.0,-119.74864196777344;
125600000.0,-119.68087005615234;
125700000.0,-119.57526397705078;
125800000.0,-119.7785873413086;
125900000.0,-119.73057556152344;
126000000.0,-119.71180725097656;
126100000.0,-119.71076965332031;
126200000.0,-119.56099700927734;
126300000.0,-119.60438537597656;
126400000.0,-119.65109252929688;
126500000.0,-119.59700012207031;
126600000.0,-119.5512466430664;
126700000.0,-119.55961608886719;
126800000.0,-119.54678344726562;
126900000.0,-119.62342834472656;
127000000.0,-119.66300201416016;
127100000.0,-119.64193725585938;
127200000.0,-119.71440124511719;
127300000.0,-119.76306915283203;
127400000.0,-119.78981018066406;
127500000.0,-119.70367431640625;
127600000.0,-119.79997253417969;
127700000.0,-119.73534393310547;
127800000.0,-119.72822570800781;
127900000.0,-119.78145599365234;
128000000.0,-119.68695831298828;
128100000.0,-119.6922378540039;
128200000.0,-119.63919067382812;
128300000.0,-119.64814758300781;
128400000.0,-119.61963653564453;
128500000.0,-119.63458251953125;
128600000.0,-119.57749938964844;
128700000.0,-119.54959869384766;
128800000.0,-119.54579162597656;
128900000.0,-119.61331176757812;
129000000.0,-119.71795654296875;
129100000.0,-119.71207427978516;
129200000.0,-119.66880798339844;
129300000.0,-119.64627075195312;
129400000.0,-119.67132568359375;
129500000.0,-119.41596984863281;
129600000.0,-119.51374053955078;
129700000.0,-119.57460021972656;
129800000.0,-119.63705444335938;
129900000.0,-120.41145324707031;
130000000.0,-124.384033203125;
130100000.0,-120.24349975585938;
130200000.0,-119.59034729003906;
130300000.0,-119.72537994384766;
130400000.0,-119.75760650634766;
130500000.0,-119.75294494628906;
130600000.0,-119.61257934570312;
130700000.0,-119.66858673095703;
130800000.0,-119.78500366210938;
130900000.0,-119.78363800048828;
131000000.0,-119.90032196044922;
131100000.0,-119.86351776123047;
131200000.0,-119.5582504272461;
131300000.0,-119.73257446289062;
131400000.0,-119.83540344238281;
131500000.0,-119.71710968017578;
131600000.0,-119.752197265625;
131700000.0,-119.7635269165039;
131800000.0,-119.66437530517578;
131900000.0,-119.60151672363281;
132000000.0,-119.75768280029297;
132100000.0,-119.77562713623047;
132200000.0,-119.70375061035156;
132300000.0,-119.68878173828125;
132400000.0,-119.73639678955078;
132500000.0,-119.70201110839844;
132600000.0,-119.70950317382812;
132700000.0,-119.81294250488281;
132800000.0,-119.86405944824219;
132900000.0,-119.82257080078125;
133000000.0,-119.89657592773438;
133100000.0,-119.88147735595703;
133200000.0,-119.79859924316406;
133300000.0,-119.90620422363281;
133400000.0,-119.87911987304688;
133500000.0,-119.72322082519531;
133600000.0,-119.8416748046875;
133700000.0,-119.92552947998047;
133800000.0,-119.7922134399414;
133900000.0,-119.81602478027344;
134000000.0,-119.89016723632812;
134100000.0,-119.82074737548828;
134200000.0,-119.7121353149414;
134300000.0,-119.70490264892578;
134400000.0,-119.6884536743164;
134500000.0,-119.72532653808594;
134600000.0,-119.82715606689453;
134700000.0,-119.77528381347656;
134800000.0,-119.69676971435547;
134900000.0,-119.7614974975586;
135000000.0,-119.93274688720703;
135100000.0,-119.88651275634766;
135200000.0,-119.6510238647461;
135300000.0,-119.60213470458984;
135400000.0,-119.72335052490234;
135500000.0,-119.751708984375;
135600000.0,-119.77234649658203;
135700000.0,-119.908447265625;
135800000.0,-119.88372039794922;
135900000.0,-119.85342407226562;
136000000.0,-119.82453155517578;
136100000.0,-119.72555541992188;
136200000.0,-119.7061538696289;
136300000.0,-119.7979736328125;
136400000.0,-119.79273986816406;
136500000.0,-119.78636169433594;
136600000.0,-119.86434936523438;
136700000.0,-119.64862823486328;
136800000.0,-119.67720031738281;
136900000.0,-119.73843383789062;
137000000.0,-119.65042877197266;
137100000.0,-119.702392578125;
137200000.0,-119.75013732910156;
137300000.0,-119.67322540283203;
137400000.0,-119.57412719726562;
137500000.0,-119.783935546875;
137600000.0,-119.76757049560547;
137700000.0,-119.81040954589844;
137800000.0,-119.767822265625;
137900000.0,-119.82059478759766;
138000000.0,-119.79912567138672;
138100000.0,-119.80147552490234;
138200000.0,-119.73245239257812;
138300000.0,-119.81271362304688;
138400000.0,-119.81027221679688;
138500000.0,-119.9418716430664;
138600000.0,-119.89997100830078;
138700000.0,-119.86422729492188;
138800000.0,-119.90972900390625;
138900000.0,-119.9467544555664;
139000000.0,-119.86807250976562;
139100000.0,-119.9246826171875;
139200000.0,-119.77632141113281;
139300000.0,-119.96420288085938;
139400000.0,-120.11872100830078;
139500000.0,-120.15486145019531;
139600000.0,-120.12850952148438;
139700000.0,-120.09904479980469;
139800000.0,-120.07392883300781;
139900000.0,-115.75679779052734;
140000000.0,-115.00655364990234;
140100000.0,-118.20616912841797;
140200000.0,-120.09949493408203;
140300000.0,-120.07488250732422;
140400000.0,-119.97626495361328;
140500000.0,-119.96186065673828;
140600000.0,-119.84210205078125;
140700000.0,-119.84140014648438;
140800000.0,-120.01924133300781;
140900000.0,-120.07525634765625;
141000000.0,-119.99271392822266;
141100000.0,-119.92048645019531;
141200000.0,-119.81830596923828;
141300000.0,-119.72384643554688;
141400000.0,-119.85957336425781;
141500000.0,-119.86583709716797;
141600000.0,-119.75532531738281;
141700000.0,-119.770751953125;
141800000.0,-119.71267700195312;
141900000.0,-119.5828857421875;
142000000.0,-119.58338928222656;
142100000.0,-119.64628601074219;
142200000.0,-119.66914367675781;
142300000.0,-119.6047592163086;
142400000.0,-119.5613021850586;
142500000.0,-119.67875671386719;
142600000.0,-119.64191436767578;
142700000.0,-119.56883239746094;
142800000.0,-119.60636901855469;
142900000.0,-119.55489349365234;
143000000.0,-119.62975311279297;
143100000.0,-119.74588012695312;
143200000.0,-119.57394409179688;
143300000.0,-119.60005187988281;
143400000.0,-119.67059326171875;
143500000.0,-119.67224884033203;
143600000.0,-119.61441802978516;
143700000.0,-119.60720825195312;
143800000.0,-119.58328247070312;
143900000.0,-119.61864471435547;
144000000.0,-119.68605041503906;
144100000.0,-119.71640014648438;
144200000.0,-119.59613800048828;
144300000.0,-119.59357452392578;
144400000.0,-119.68161010742188;
144500000.0,-119.75112915039062;
144600000.0,-119.72125244140625;
144700000.0,-119.63573455810547;
144800000.0,-119.71739959716797;
144900000.0,-119.65035247802734;
145000000.0,-119.62289428710938;
145100000.0,-119.7090835571289;
145200000.0,-119.58305358886719;
145300000.0,-119.6791000366211;
145400000.0,-119.72599029541016;
145500000.0,-119.76249694824219;
145600000.0,-119.8257064819336;
145700000.0,-119.7373046875;
145800000.0,-119.56414794921875;
145900000.0,-119.60272216796875;
146000000.0,-119.63555145263672;
146100000.0,-119.6244125366211;
146200000.0,-119.58030700683594;
146300000.0,-119.66511535644531;
146400000.0,-119.796142578125;
146500000.0,-119.66551208496094;
146600000.0,-119.49916076660156;
146700000.0,-119.60250854492188;
146800000.0,-119.56205749511719;
146900000.0,-119.65362548828125;
147000000.0,-119.71719360351562;
147100000.0,-119.65503692626953;
147200000.0,-119.69049072265625;
147300000.0,-119.76274108886719;
147400000.0,-119.6794204711914;
147500000.0,-119.66983795166016;
147600000.0,-119.75076293945312;
147700000.0,-119.7890625;
147800000.0,-119.64436340332031;
147900000.0,-119.56221008300781;
148000000.0,-119.58466339111328;
148100000.0,-119.79206848144531;
148200000.0,-119.80474853515625;
148300000.0,-119.78302764892578;
148400000.0,-119.69478607177734;
148500000.0,-119.7725830078125;
148600000.0,-119.80732727050781;
148700000.0,-119.74816131591797;
148800000.0,-119.68756103515625;
148900000.0,-119.60429382324219;
149000000.0,-119.6495132446289;
149100000.0,-119.78229522705078;
149200000.0,-119.76107788085938;
149300000.0,-119.72381591796875;
149400000.0,-119.63202667236328;
149500000.0,-119.66442108154297;
149600000.0,-119.62141418457031;
149700000.0,-119.60099792480469;
149800000.0,-119.59817504882812;
149900000.0,-120.12747192382812;
150000000.0,-124.05033874511719;
150100000.0,-120.23623657226562;
150200000.0,-119.53449249267578;
150300000.0,-119.54300689697266;
150400000.0,-119.691650390625;
150500000.0,-119.85787963867188;
150600000.0,-119.73544311523438;
150700000.0,-119.626220703125;
150800000.0,-119.66146850585938;
150900000.0,-119.78713989257812;
151000000.0,-119.62147521972656;
151100000.0,-119.63064575195312;
151200000.0,-119.7416000366211;
151300000.0,-119.71671295166016;
151400000.0,-119.68490600585938;
151500000.0,-119.77105712890625;
151600000.0,-119.79006958007812;
151700000.0,-119.71473693847656;
151800000.0,-119.53629302978516;
151900000.0,-119.57666015625;
152000000.0,-119.75155639648438;
152100000.0,-119.673095703125;
152200000.0,-119.61539459228516;
152300000.0,-119.79003143310547;
152400000.0,-119.75025177001953;
152500000.0,-119.72035217285156;
152600000.0,-119.75752258300781;
152700000.0,-119.91797637939453;
152800000.0,-119.96772766113281;
152900000.0,-119.85428619384766;
153000000.0,-119.88546752929688;
153100000.0,-119.79747772216797;
153200000.0,-119.85191345214844;
153300000.0,-119.8082275390625;
153400000.0,-119.7608871459961;
153500000.0,-119.71566772460938;
153600000.0,-119.6736831665039;
153700000.0,-119.67021942138672;
153800000.0,-119.73822784423828;
153900000.0,-119.81790161132812;
154000000.0,-119.7176284790039;
154100000.0,-119.68545532226562;
154200000.0,-119.6706771850586;
154300000.0,-119.70713806152344;
154400000.0,-119.73698425292969;
154500000.0,-119.67400360107422;
154600000.0,-119.6363754272461;
154700000.0,-119.63855743408203;
154800000.0,-119.652099609375;
154900000.0,-119.63624572753906;
155000000.0,-119.71372985839844;
155100000.0,-119.85739135742188;
155200000.0,-119.77593231201172;
155300000.0,-119.68964385986328;
155400000.0,-119.62721252441406;
155500000.0,-119.62744140625;
155600000.0,-119.78605651855469;
155700000.0,-119.88997650146484;
155800000.0,-119.87884521484375;
155900000.0,-119.81697845458984;
156000000.0,-119.81333923339844;
156100000.0,-119.7786865234375;
156200000.0,-119.72537231445312;
156300000.0,-119.6666030883789;
156400000.0,-119.66903686523438;
156500000.0,-119.76898956298828;
156600000.0,-119.72163391113281;
156700000.0,-119.58100891113281;
156800000.0,-119.58293914794922;
156900000.0,-119.75823974609375;
157000000.0,-119.75209045410156;
157100000.0,-119.5859375;
157200000.0,-119.599609375;
157300000.0,-119.59220886230469;
157400000.0,-119.7910385131836;
157500000.0,-119.77210235595703;
157600000.0,-119.65850067138672;
157700000.0,-119.85533142089844;
157800000.0,-119.83230590820312;
157900000.0,-119.7427978515625;
158000000.0,-119.82452392578125;
158100000.0,-119.80894470214844;
158200000.0,-119.63387298583984;
158300000.0,-119.83389282226562;
158400000.0,-119.88710021972656;
158500000.0,-119.86405944824219;
158600000.0,-119.92922973632812;
158700000.0,-119.83847045898438;
158800000.0,-119.8189926147461;
158900000.0,-119.81338500976562;
159000000.0,-119.93216705322266;
159100000.0,-119.93513488769531;
159200000.0,-120.01216125488281;
159300000.0,-120.00625610351562;
159400000.0,-119.87979888916016;
159500000.0,-119.9356918334961;
159600000.0,-119.9559326171875;
159700000.0,-120.0490951538086;
159800000.0,-120.02887725830078;
159900000.0,-118.09044647216797;
160000000.0,-115.48526000976562;
160100000.0,-118.38507080078125;
160200000.0,-120.16776275634766;
160300000.0,-120.21843719482422;
160400000.0,-120.15583038330078;
160500000.0,-120.1078872680664;
160600000.0,-120.07548522949219;
160700000.0,-120.04718017578125;
160800000.0,-120.06741333007812;
160900000.0,-120.19381713867188;
161000000.0,-120.1768569946289;
161100000.0,-120.18743896484375;
161200000.0,-120.08213806152344;
161300000.0,-119.98633575439453;
161400000.0,-119.94097900390625;
161500000.0,-119.77973175048828;
161600000.0,-119.8379135131836;
161700000.0,-119.94039916992188;
161800000.0,-119.98626708984375;
161900000.0,-119.90624237060547;
162000000.0,-119.906005859375;
162100000.0,-119.91520690917969;
162200000.0,-119.85829162597656;
162300000.0,-119.88175201416016;
162400000.0,-119.87914276123047;
162500000.0,-119.91398620605469;
162600000.0,-119.89759826660156;
162700000.0,-119.96639251708984;
162800000.0,-119.97291564941406;
162900000.0,-120.11566925048828;
163000000.0,-119.95431518554688;
163100000.0,-119.82127380371094;
163200000.0,-119.8506088256836;
163300000.0,-119.97135925292969;
163400000.0,-119.88504028320312;
163500000.0,-119.85372924804688;
163600000.0,-119.91226196289062;
163700000.0,-120.01819610595703;
163800000.0,-119.99497985839844;
163900000.0,-119.8594741821289;
164000000.0,-119.7811279296875;
164100000.0,-119.72846221923828;
164200000.0,-119.86935424804688;
164300000.0,-119.88665771484375;
164400000.0,-120.06637573242188;
164500000.0,-119.91862487792969;
164600000.0,-119.89533233642578;
164700000.0,-119.85840606689453;
164800000.0,-119.80917358398438;
164900000.0,-119.81317138671875;
165000000.0,-119.71001434326172;
165100000.0,-119.74211883544922;
165200000.0,-119.79190063476562;
165300000.0,-119.76371002197266;
165400000.0,-119.88220977783203;
165500000.0,-119.82540130615234;
165600000.0,-119.82548522949219;
165700000.0,-119.92543029785156;
165800000.0,-119.92329406738281;
165900000.0,-120.02511596679688;
166000000.0,-120.02975463867188;
166100000.0,-119.85195922851562;
166200000.0,-119.79759979248047;
166300000.0,-119.94933319091797;
166400000.0,-119.84393310546875;
166500000.0,-119.78421020507812;
166600000.0,-120.062744140625;
166700000.0,-119.97091674804688;
166800000.0,-119.90135955810547;
166900000.0,-119.91102600097656;
167000000.0,-119.93347930908203;
167100000.0,-119.83818054199219;
167200000.0,-119.75707244873047;
167300000.0,-119.82112121582031;
167400000.0,-119.9451904296875;
167500000.0,-120.02424621582031;
167600000.0,-119.99433898925781;
167700000.0,-119.91606903076172;
167800000.0,-119.9380874633789;
167900000.0,-119.8744125366211;
168000000.0,-119.84675598144531;
168100000.0,-119.81521606445312;
168200000.0,-119.93900299072266;
168300000.0,-119.93717956542969;
168400000.0,-119.87762451171875;
168500000.0,-119.88958740234375;
168600000.0,-119.8770980834961;
168700000.0,-119.97114562988281;
168800000.0,-119.99879455566406;
168900000.0,-119.91015625;
169000000.0,-119.81291198730469;
169100000.0,-119.91382598876953;
169200000.0,-119.8552017211914;
169300000.0,-119.7493896484375;
169400000.0,-119.8057861328125;
169500000.0,-119.78870391845703;
169600000.0,-119.79744720458984;
169700000.0,-119.83207702636719;
169800000.0,-119.85797882080078;
169900000.0,-120.50007629394531;
170000000.0,-124.43641662597656;
170100000.0,-120.46967315673828;
170200000.0,-119.74852752685547;
170300000.0,-120.04218292236328;
170400000.0,-119.88154602050781;
170500000.0,-119.77584075927734;
170600000.0,-119.80632019042969;
170700000.0,-119.73036193847656;
170800000.0,-119.92192077636719;
170900000.0,-120.05486297607422;
171000000.0,-119.9991683959961;
171100000.0,-119.97376251220703;
171200000.0,-120.06108093261719;
171300000.0,-120.02574920654297;
171400000.0,-120.03162384033203;
171500000.0,-119.99740600585938;
171600000.0,-119.85891723632812;
171700000.0,-119.92646026611328;
171800000.0,-120.04568481445312;
171900000.0,-119.78825378417969;
172000000.0,-119.93323516845703;
172100000.0,-120.04960632324219;
172200000.0,-119.9736328125;
172300000.0,-119.9154052734375;
172400000.0,-119.91860961914062;
172500000.0,-120.02625274658203;
172600000.0,-119.98820495605469;
172700000.0,-119.99148559570312;
172800000.0,-119.8817138671875;
172900000.0,-119.90132141113281;
173000000.0,-119.97097778320312;
173100000.0,-119.89541625976562;
173200000.0,-119.95650482177734;
173300000.0,-119.82868957519531;
173400000.0,-120.00669860839844;
173500000.0,-120.01078796386719;
173600000.0,-119.85413360595703;
173700000.0,-119.94117736816406;
173800000.0,-119.91852569580078;
173900000.0,-119.88159942626953;
174000000.0,-119.900390625;
174100000.0,-119.94007110595703;
174200000.0,-119.89586639404297;
174300000.0,-119.8391342163086;
174400000.0,-119.86800384521484;
174500000.0,-119.93356323242188;
174600000.0,-119.885498046875;
174700000.0,-119.80216217041016;
174800000.0,-119.90257263183594;
174900000.0,-119.78953552246094;
175000000.0,-119.7883529663086;
175100000.0,-119.82785034179688;
175200000.0,-120.00035095214844;
175300000.0,-119.95339965820312;
175400000.0,-119.81751251220703;
175500000.0,-119.80332946777344;
175600000.0,-119.98432159423828;
175700000.0,-119.73789978027344;
175800000.0,-119.70878601074219;
175900000.0,-119.90156555175781;
176000000.0,-119.86563873291016;
176100000.0,-119.88709259033203;
176200000.0,-119.84100341796875;
176300000.0,-119.94779968261719;
176400000.0,-119.88482666015625;
176500000.0,-119.95782470703125;
176600000.0,-119.88529968261719;
176700000.0,-119.92378997802734;
176800000.0,-119.93294525146484;
176900000.0,-119.95703887939453;
177000000.0,-119.93934631347656;
177100000.0,-120.0267333984375;
177200000.0,-119.8984375;
177300000.0,-119.90231323242188;
177400000.0,-119.93106079101562;
177500000.0,-119.8773193359375;
177600000.0,-119.82524871826172;
177700000.0,-119.8477783203125;
177800000.0,-119.90421295166016;
177900000.0,-120.06207275390625;
178000000.0,-120.05743408203125;
178100000.0,-119.86565399169922;
178200000.0,-119.8173599243164;
178300000.0,-119.73696899414062;
178400000.0,-119.80362701416016;
178500000.0,-119.9299545288086;
178600000.0,-119.8731918334961;
178700000.0,-120.0015869140625;
178800000.0,-120.08124542236328;
178900000.0,-119.99748992919922;
179000000.0,-120.09957122802734;
179100000.0,-120.04533386230469;
179200000.0,-120.03314971923828;
179300000.0,-120.22761535644531;
179400000.0,-120.13106536865234;
179500000.0,-120.05843353271484;
179600000.0,-120.25162506103516;
179700000.0,-120.16341400146484;
179800000.0,-120.29621124267578;
179900000.0,-118.512451171875;
180000000.0,-116.45394134521484;
180100000.0,-118.71621704101562;
180200000.0,-119.8992919921875;
180300000.0,-119.84146118164062;
180400000.0,-119.919921875;
180500000.0,-119.88495635986328;
180600000.0,-119.78062438964844;
180700000.0,-119.80267333984375;
180800000.0,-119.76502990722656;
180900000.0,-119.60025024414062;
181000000.0,-119.80108642578125;
181100000.0,-119.8136978149414;
181200000.0,-119.87261962890625;
181300000.0,-119.93025207519531;
181400000.0,-119.73651123046875;
181500000.0,-119.71806335449219;
181600000.0,-119.6845703125;
181700000.0,-119.6970443725586;
181800000.0,-119.81163024902344;
181900000.0,-119.7257080078125;
182000000.0,-119.69100189208984;
182100000.0,-119.53858184814453;
182200000.0,-119.56259155273438;
182300000.0,-119.56289672851562;
182400000.0,-119.68570709228516;
182500000.0,-119.7170181274414;
182600000.0,-119.56138610839844;
182700000.0,-119.69898986816406;
182800000.0,-119.59000396728516;
182900000.0,-119.65453338623047;
183000000.0,-119.64717102050781;
183100000.0,-119.61317443847656;
183200000.0,-119.67522430419922;
183300000.0,-119.56358337402344;
183400000.0,-119.59843444824219;
183500000.0,-119.70677185058594;
183600000.0,-119.70000457763672;
183700000.0,-119.71223449707031;
183800000.0,-119.70733642578125;
183900000.0,-119.63909149169922;
184000000.0,-119.62022399902344;
184100000.0,-119.54287719726562;
184200000.0,-119.58946228027344;
184300000.0,-119.6048812866211;
184400000.0,-119.68692016601562;
184500000.0,-119.72816467285156;
184600000.0,-119.62218475341797;
184700000.0,-119.56318664550781;
184800000.0,-119.60099792480469;
184900000.0,-119.4951171875;
185000000.0,-119.54154205322266;
185100000.0,-119.68254089355469;
185200000.0,-119.64127349853516;
185300000.0,-119.63775634765625;
185400000.0,-119.82013702392578;
185500000.0,-119.84101104736328;
185600000.0,-119.83768463134766;
185700000.0,-119.79898071289062;
185800000.0,-119.77973937988281;
185900000.0,-119.63150787353516;
186000000.0,-119.56478881835938;
186100000.0,-119.58759307861328;
186200000.0,-119.63824462890625;
186300000.0,-119.5965576171875;
186400000.0,-119.70462799072266;
186500000.0,-119.63462829589844;
186600000.0,-119.52210235595703;
186700000.0,-119.58818054199219;
186800000.0,-119.65692138671875;
186900000.0,-119.75112915039062;
187000000.0,-119.94393157958984;
187100000.0,-119.83718872070312;
187200000.0,-119.72232055664062;
187300000.0,-119.76604461669922;
187400000.0,-119.7635498046875;
187500000.0,-119.83319091796875;
187600000.0,-119.6604995727539;
187700000.0,-119.62484741210938;
187800000.0,-119.61257934570312;
187900000.0,-119.6243896484375;
188000000.0,-119.66492462158203;
188100000.0,-119.78926849365234;
188200000.0,-119.75161743164062;
188300000.0,-119.67536926269531;
188400000.0,-119.59135437011719;
188500000.0,-119.66475677490234;
188600000.0,-119.79486083984375;
188700000.0,-119.63919830322266;
188800000.0,-119.52192687988281;
188900000.0,-119.72517395019531;
189000000.0,-119.75405883789062;
189100000.0,-119.85022735595703;
189200000.0,-119.81536102294922;
189300000.0,-119.656982421875;
189400000.0,-119.59586334228516;
189500000.0,-119.73738861083984;
189600000.0,-119.54353332519531;
189700000.0,-119.6053695678711;
189800000.0,-119.51690673828125;
189900000.0,-120.11833953857422;
190000000.0,-124.11770629882812;
190100000.0,-120.3397445678711;
190200000.0,-119.55590057373047;
190300000.0,-119.5243911743164;
190400000.0,-119.50103759765625;
190500000.0,-119.529296875;
190600000.0,-119.59529876708984;
190700000.0,-119.71797180175781;
190800000.0,-119.64714050292969;
190900000.0,-119.64885711669922;
191000000.0,-119.71424102783203;
191100000.0,-119.64266967773438;
191200000.0,-119.63639831542969;
191300000.0,-119.72740173339844;
191400000.0,-119.75968170166016;
191500000.0,-119.82471466064453;
191600000.0,-119.77940368652344;
191700000.0,-119.78430938720703;
191800000.0,-119.80305480957031;
191900000.0,-119.90291595458984;
192000000.0,-119.68821716308594;
192100000.0,-119.61322784423828;
192200000.0,-119.593505859375;
192300000.0,-119.54788208007812;
192400000.0,-119.6944351196289;
192500000.0,-119.63397979736328;
192600000.0,-119.67955780029297;
192700000.0,-119.6431884765625;
192800000.0,-119.63809967041016;
192900000.0,-119.73410034179688;
193000000.0,-119.78805541992188;
193100000.0,-119.73872375488281;
193200000.0,-119.76962280273438;
193300000.0,-119.81212615966797;
193400000.0,-119.7110366821289;
193500000.0,-119.74085998535156;
193600000.0,-119.7474365234375;
193700000.0,-119.72640228271484;
193800000.0,-119.8753662109375;
193900000.0,-119.78120422363281;
194000000.0,-119.6029281616211;
194100000.0,-119.57563781738281;
194200000.0,-119.80924987792969;
194300000.0,-119.75955963134766;
194400000.0,-119.58259582519531;
194500000.0,-119.57612609863281;
194600000.0,-119.5730209350586;
194700000.0,-119.57058715820312;
194800000.0,-119.57190704345703;
194900000.0,-119.55353546142578;
195000000.0,-119.61619567871094;
195100000.0,-119.60877990722656;
195200000.0,-119.59382629394531;
195300000.0,-119.67636108398438;
195400000.0,-119.6371078491211;
195500000.0,-119.54765319824219;
195600000.0,-119.6494369506836;
195700000.0,-119.7459716796875;
195800000.0,-119.89613342285156;
195900000.0,-119.66732788085938;
196000000.0,-119.61030578613281;
196100000.0,-119.69845581054688;
196200000.0,-119.64039611816406;
196300000.0,-119.61112213134766;
196400000.0,-119.4315185546875;
196500000.0,-119.50858306884766;
196600000.0,-119.58697509765625;
196700000.0,-119.59783935546875;
196800000.0,-119.6539306640625;
196900000.0,-119.6029281616211;
197000000.0,-119.60685729980469;
197100000.0,-119.69506072998047;
197200000.0,-119.57681274414062;
197300000.0,-119.57866668701172;
197400000.0,-119.53411865234375;
197500000.0,-119.74678802490234;
197600000.0,-119.74176025390625;
197700000.0,-119.55611419677734;
197800000.0,-119.56346130371094;
197900000.0,-119.62849426269531;
198000000.0,-119.6420669555664;
198100000.0,-119.84947204589844;
198200000.0,-119.79647827148438;
198300000.0,-119.63520812988281;
198400000.0,-119.67558288574219;
198500000.0,-119.81141662597656;
198600000.0,-119.92218017578125;
198700000.0,-119.86334228515625;
198800000.0,-119.84548950195312;
198900000.0,-119.81388854980469;
199000000.0,-119.65294647216797;
199100000.0,-119.74791717529297;
199200000.0,-119.9190673828125;
199300000.0,-119.87435150146484;
199400000.0,-119.85039520263672;
199500000.0,-119.93781280517578;
199600000.0,-119.89739227294922;
199700000.0,-119.92640686035156;
199800000.0,-119.99625396728516;
199900000.0,-118.91307067871094;
200000000.0,-117.34412384033203;
200100000.0,-119.28834533691406;
200200000.0,-120.0919189453125;
200300000.0,-120.14434051513672;
200400000.0,-120.12313079833984;
200500000.0,-120.13290405273438;
200600000.0,-120.13098907470703;
200700000.0,-120.0733871459961;
200800000.0,-120.00218200683594;
200900000.0,-119.90216064453125;
201000000.0,-119.89607238769531;
201100000.0,-119.9583740234375;
201200000.0,-120.01654052734375;
201300000.0,-119.87260437011719;
201400000.0,-119.85514831542969;
201500000.0,-119.91339874267578;
201600000.0,-119.8763427734375;
201700000.0,-119.85587310791016;
201800000.0,-119.74327087402344;
201900000.0,-119.80389404296875;
202000000.0,-119.80624389648438;
202100000.0,-119.80323028564453;
202200000.0,-119.70611572265625;
202300000.0,-119.72640228271484;
202400000.0,-119.79946899414062;
202500000.0,-119.72804260253906;
202600000.0,-119.76632690429688;
202700000.0,-119.77717590332031;
202800000.0,-119.75334930419922;
202900000.0,-119.70526123046875;
203000000.0,-119.6628189086914;
203100000.0,-119.57391357421875;
203200000.0,-119.7157974243164;
203300000.0,-119.7798080444336;
203400000.0,-119.84803009033203;
203500000.0,-119.84469604492188;
203600000.0,-119.64542388916016;
203700000.0,-119.69134521484375;
203800000.0,-119.81210327148438;
203900000.0,-119.76307678222656;
204000000.0,-119.68727111816406;
204100000.0,-119.76182556152344;
204200000.0,-119.8103256225586;
204300000.0,-119.83809661865234;
204400000.0,-119.65284729003906;
204500000.0,-119.58537292480469;
204600000.0,-119.85679626464844;
204700000.0,-119.82579040527344;
204800000.0,-119.7869873046875;
204900000.0,-119.78932189941406;
205000000.0,-119.60594177246094;
205100000.0,-119.59867858886719;
205200000.0,-119.78555297851562;
205300000.0,-119.82774353027344;
205400000.0,-119.81863403320312;
205500000.0,-119.72416687011719;
205600000.0,-119.8124008178711;
205700000.0,-119.94918823242188;
205800000.0,-119.85708618164062;
205900000.0,-119.97625732421875;
206000000.0,-120.07882690429688;
206100000.0,-119.90764617919922;
206200000.0,-119.92623138427734;
206300000.0,-119.86419677734375;
206400000.0,-119.86891174316406;
206500000.0,-119.88508605957031;
206600000.0,-119.89192962646484;
206700000.0,-119.9545669555664;
206800000.0,-120.00727844238281;
206900000.0,-119.97882843017578;
207000000.0,-120.0513916015625;
207100000.0,-119.9754409790039;
207200000.0,-119.92036437988281;
207300000.0,-119.80413818359375;
207400000.0,-119.74806213378906;
207500000.0,-119.85458374023438;
207600000.0,-120.03398132324219;
207700000.0,-119.84416198730469;
207800000.0,-119.69390106201172;
207900000.0,-119.7062759399414;
208000000.0,-119.8768539428711;
208100000.0,-119.92130279541016;
208200000.0,-119.91240692138672;
208300000.0,-119.91264343261719;
208400000.0,-119.89057922363281;
208500000.0,-119.86454010009766;
208600000.0,-119.93626403808594;
208700000.0,-119.88044738769531;
208800000.0,-119.7401351928711;
208900000.0,-119.80643463134766;
209000000.0,-119.85302734375;
209100000.0,-119.7526626586914;
209200000.0,-119.78146362304688;
209300000.0,-119.63912963867188;
209400000.0,-119.80833435058594;
209500000.0,-119.78140258789062;
209600000.0,-119.931396484375;
209700000.0,-119.82240295410156;
209800000.0,-119.68345642089844;
209900000.0,-120.46461486816406;
210000000.0,-124.31150817871094;
210100000.0,-120.46031188964844;
210200000.0,-119.71101379394531;
210300000.0,-119.72305297851562;
210400000.0,-119.76350402832031;
210500000.0,-119.74705505371094;
210600000.0,-119.83509826660156;
210700000.0,-119.78783416748047;
210800000.0,-119.87003326416016;
210900000.0,-119.850341796875;
211000000.0,-119.79078674316406;
211100000.0,-119.81283569335938;
211200000.0,-119.81490325927734;
211300000.0,-119.74493408203125;
211400000.0,-119.82848358154297;
211500000.0,-119.83417510986328;
211600000.0,-119.87985229492188;
211700000.0,-119.86683654785156;
211800000.0,-119.88973999023438;
211900000.0,-119.9789047241211;
212000000.0,-119.94640350341797;
212100000.0,-119.83444213867188;
212200000.0,-119.77527618408203;
212300000.0,-119.96891784667969;
212400000.0,-120.02364349365234;
212500000.0,-119.87179565429688;
212600000.0,-119.85169982910156;
212700000.0,-119.77881622314453;
212800000.0,-119.87289428710938;
212900000.0,-119.94134521484375;
213000000.0,-119.96380615234375;
213100000.0,-119.93626403808594;
213200000.0,-119.8427963256836;
213300000.0,-119.89402770996094;
213400000.0,-119.88922882080078;
213500000.0,-119.87275695800781;
213600000.0,-119.8526611328125;
213700000.0,-119.90982818603516;
213800000.0,-119.89468383789062;
213900000.0,-119.78275299072266;
214000000.0,-119.78938293457031;
214100000.0,-119.83267211914062;
214200000.0,-119.8073959350586;
214300000.0,-119.8531723022461;
214400000.0,-119.75540924072266;
214500000.0,-119.8349838256836;
214600000.0,-119.80172729492188;
214700000.0,-119.8508529663086;
214800000.0,-119.78271484375;
214900000.0,-119.6824951171875;
215000000.0,-119.68616485595703;
215100000.0,-119.64866638183594;
215200000.0,-119.83338165283203;
215300000.0,-119.6710205078125;
215400000.0,-119.77537536621094;
215500000.0,-119.7721176147461;
215600000.0,-119.67567443847656;
215700000.0,-119.83493041992188;
215800000.0,-119.82353210449219;
215900000.0,-119.79643249511719;
216000000.0,-119.77387237548828;
216100000.0,-119.73992156982422;
216200000.0,-119.68700408935547;
216300000.0,-119.72899627685547;
216400000.0,-119.82551574707031;
216500000.0,-119.84607696533203;
216600000.0,-119.7646484375;
216700000.0,-119.83233642578125;
216800000.0,-119.88023376464844;
216900000.0,-119.81794738769531;
217000000.0,-119.66561126708984;
217100000.0,-119.70207977294922;
217200000.0,-119.69237518310547;
217300000.0,-119.7695541381836;
217400000.0,-119.90579223632812;
217500000.0,-119.8421401977539;
217600000.0,-119.77803039550781;
217700000.0,-119.720458984375;
217800000.0,-119.726806640625;
217900000.0,-119.70527648925781;
218000000.0,-119.82298278808594;
218100000.0,-119.67147827148438;
218200000.0,-119.67282104492188;
218300000.0,-119.70328521728516;
218400000.0,-119.78768157958984;
218500000.0,-119.80867004394531;
218600000.0,-119.82270812988281;
218700000.0,-119.93536376953125;
218800000.0,-120.03731536865234;
218900000.0,-119.86111450195312;
219000000.0,-119.84905242919922;
219100000.0,-119.82089233398438;
219200000.0,-119.93878173828125;
219300000.0,-120.13615417480469;
219400000.0,-120.19402313232422;
219500000.0,-120.04319763183594;
219600000.0,-120.04461669921875;
219700000.0,-119.98744201660156;
219800000.0,-120.08606719970703;
219900000.0,-119.14737701416016;
220000000.0,-118.50457763671875;
220100000.0,-119.62921142578125;
220200000.0,-120.11458587646484;
220300000.0,-120.15272521972656;
220400000.0,-120.27877807617188;
220500000.0,-120.01260375976562;
220600000.0,-119.81415557861328;
220700000.0,-119.88447570800781;
220800000.0,-120.05229187011719;
220900000.0,-120.07579040527344;
221000000.0,-120.0797119140625;
221100000.0,-119.81080627441406;
221200000.0,-119.6287612915039;
221300000.0,-119.81549072265625;
221400000.0,-119.89103698730469;
221500000.0,-119.79722595214844;
221600000.0,-119.77165222167969;
221700000.0,-119.7445068359375;
221800000.0,-119.77108764648438;
221900000.0,-119.8252944946289;
222000000.0,-119.82450866699219;
222100000.0,-119.78179931640625;
222200000.0,-119.7702865600586;
222300000.0,-119.61982727050781;
222400000.0,-119.64949035644531;
222500000.0,-119.84088897705078;
222600000.0,-119.74528503417969;
222700000.0,-119.66075134277344;
222800000.0,-119.56605529785156;
222900000.0,-119.6043472290039;
223000000.0,-119.67924499511719;
223100000.0,-119.77916717529297;
223200000.0,-119.73463439941406;
223300000.0,-119.67501831054688;
223400000.0,-119.52264404296875;
223500000.0,-119.50558471679688;
223600000.0,-119.5637435913086;
223700000.0,-119.77244567871094;
223800000.0,-119.64015197753906;
223900000.0,-119.73338317871094;
224000000.0,-119.6164779663086;
224100000.0,-119.70565795898438;
224200000.0,-119.75749206542969;
224300000.0,-119.73975372314453;
224400000.0,-119.78123474121094;
224500000.0,-119.79347229003906;
224600000.0,-119.78079223632812;
224700000.0,-119.78694915771484;
224800000.0,-119.83214569091797;
224900000.0,-119.68059539794922;
225000000.0,-119.64082336425781;
225100000.0,-119.71676635742188;
225200000.0,-119.74618530273438;
225300000.0,-119.77725982666016;
225400000.0,-119.66764831542969;
225500000.0,-119.67452239990234;
225600000.0,-119.83006286621094;
225700000.0,-119.91032409667969;
225800000.0,-119.88177490234375;
225900000.0,-119.81950378417969;
226000000.0,-119.85382843017578;
226100000.0,-119.89485168457031;
226200000.0,-119.74603271484375;
226300000.0,-119.50009155273438;
226400000.0,-119.5823974609375;
226500000.0,-119.7550048828125;
226600000.0,-119.77803039550781;
226700000.0,-119.71131134033203;
226800000.0,-119.66328430175781;
226900000.0,-119.84009552001953;
227000000.0,-119.66957092285156;
227100000.0,-119.80421447753906;
227200000.0,-119.82647705078125;
227300000.0,-119.65080261230469;
227400000.0,-119.72798156738281;
227500000.0,-119.80555725097656;
227600000.0,-119.85467529296875;
227700000.0,-119.75142669677734;
227800000.0,-119.71565246582031;
227900000.0,-119.84915161132812;
228000000.0,-119.85501098632812;
228100000.0,-119.79031372070312;
228200000.0,-119.70175170898438;
228300000.0,-119.77360534667969;
228400000.0,-119.75154113769531;
228500000.0,-119.7842025756836;
228600000.0,-119.6953125;
228700000.0,-119.63163757324219;
228800000.0,-119.62513732910156;
228900000.0,-119.66942596435547;
229000000.0,-119.70176696777344;
229100000.0,-119.76545715332031;
229200000.0,-119.93124389648438;
229300000.0,-120.05662536621094;
229400000.0,-119.9241943359375;
229500000.0,-119.75112915039062;
229600000.0,-119.80532836914062;
229700000.0,-119.66590118408203;
229800000.0,-119.48869323730469;
229900000.0,-120.2800064086914;
230000000.0,-124.14132690429688;
230100000.0,-120.3731689453125;
230200000.0,-119.58255004882812;
230300000.0,-119.81525421142578;
230400000.0,-119.73612976074219;
230500000.0,-119.67848205566406;
230600000.0,-119.79666137695312;
230700000.0,-119.6950912475586;
230800000.0,-119.74417114257812;
230900000.0,-119.9239273071289;
231000000.0,-119.7536849975586;
231100000.0,-119.79651641845703;
231200000.0,-119.72030639648438;
231300000.0,-119.58596801757812;
231400000.0,-119.7317123413086;
231500000.0,-119.92346954345703;
231600000.0,-119.8515396118164;
231700000.0,-119.68595886230469;
231800000.0,-119.62393951416016;
231900000.0,-119.76013946533203;
232000000.0,-119.7233657836914;
232100000.0,-119.78524780273438;
232200000.0,-119.66525268554688;
232300000.0,-119.65592193603516;
232400000.0,-119.79304504394531;
232500000.0,-119.82819366455078;
232600000.0,-119.69944763183594;
232700000.0,-119.8201675415039;
232800000.0,-119.86502838134766;
232900000.0,-119.75076293945312;
233000000.0,-119.73701477050781;
233100000.0,-119.97453308105469;
233200000.0,-119.83671569824219;
233300000.0,-119.86640930175781;
233400000.0,-119.98383331298828;
233500000.0,-119.86112976074219;
233600000.0,-119.61647033691406;
233700000.0,-119.55451965332031;
233800000.0,-119.71180725097656;
233900000.0,-119.89142608642578;
234000000.0,-119.9400634765625;
234100000.0,-119.9034194946289;
234200000.0,-119.81900024414062;
234300000.0,-119.83456420898438;
234400000.0,-119.78514862060547;
234500000.0,-119.81558990478516;
234600000.0,-119.81430053710938;
234700000.0,-119.89370727539062;
234800000.0,-119.96136474609375;
234900000.0,-119.68852233886719;
235000000.0,-119.64842987060547;
235100000.0,-119.45681762695312;
235200000.0,-119.54498291015625;
235300000.0,-119.75082397460938;
235400000.0,-119.80445861816406;
235500000.0,-119.65292358398438;
235600000.0,-119.7170639038086;
235700000.0,-119.70335388183594;
235800000.0,-119.58119201660156;
235900000.0,-119.55242156982422;
236000000.0,-119.66128540039062;
236100000.0,-119.7894287109375;
236200000.0,-119.72694396972656;
236300000.0,-119.72276306152344;
236400000.0,-119.725830078125;
236500000.0,-119.6529769897461;
236600000.0,-119.62275695800781;
236700000.0,-119.75025177001953;
236800000.0,-119.76731872558594;
236900000.0,-119.71549987792969;
237000000.0,-119.6371841430664;
237100000.0,-119.64909362792969;
237200000.0,-119.62393188476562;
237300000.0,-119.54560089111328;
237400000.0,-119.64214324951172;
237500000.0,-119.81364440917969;
237600000.0,-119.74689483642578;
237700000.0,-119.6872787475586;
237800000.0,-119.74498748779297;
237900000.0,-119.71031951904297;
238000000.0,-119.79795837402344;
238100000.0,-119.83074188232422;
238200000.0,-119.81719207763672;
238300000.0,-119.6739501953125;
238400000.0,-119.65408325195312;
238500000.0,-119.7061767578125;
238600000.0,-119.79747009277344;
238700000.0,-119.89508819580078;
238800000.0,-119.88394927978516;
238900000.0,-119.87937927246094;
239000000.0,-120.01640319824219;
239100000.0,-119.97425079345703;
239200000.0,-120.03451538085938;
239300000.0,-119.90939331054688;
239400000.0,-119.91751098632812;
239500000.0,-119.9766845703125;
239600000.0,-120.15182495117188;
239700000.0,-119.93327331542969;
239800000.0,-119.8172836303711;
239900000.0,-119.48165130615234;
240000000.0,-118.0372543334961;
240100000.0,-119.35688018798828;
240200000.0,-119.9063949584961;
240300000.0,-119.92755889892578;
240400000.0,-119.96349334716797;
240500000.0,-119.90787506103516;
240600000.0,-119.77852630615234;
240700000.0,-119.78076934814453;
240800000.0,-119.83744812011719;
240900000.0,-119.87799072265625;
241000000.0,-119.88104248046875;
241100000.0,-119.8397445678711;
241200000.0,-119.71907806396484;
241300000.0,-119.69371032714844;
241400000.0,-119.71876525878906;
241500000.0,-119.64061737060547;
241600000.0,-119.52577209472656;
241700000.0,-119.72573852539062;
241800000.0,-119.80490112304688;
241900000.0,-119.71351623535156;
242000000.0,-119.67507934570312;
242100000.0,-119.61943054199219;
242200000.0,-119.66104125976562;
242300000.0,-119.7538833618164;
242400000.0,-119.61226654052734;
242500000.0,-119.5543212890625;
242600000.0,-119.6042251586914;
242700000.0,-119.6513671875;
242800000.0,-119.57833862304688;
242900000.0,-119.63530731201172;
243000000.0,-119.5468978881836;
243100000.0,-119.52561950683594;
243200000.0,-119.53889465332031;
243300000.0,-119.71980285644531;
243400000.0,-119.67207336425781;
243500000.0,-119.67835235595703;
243600000.0,-119.69104766845703;
243700000.0,-119.67784118652344;
243800000.0,-119.59805297851562;
243900000.0,-119.57301330566406;
244000000.0,-119.66544342041016;
244100000.0,-119.773681640625;
244200000.0,-119.76058959960938;
244300000.0,-119.83287048339844;
244400000.0,-119.80464935302734;
244500000.0,-119.59754180908203;
244600000.0,-119.6322021484375;
244700000.0,-119.73403930664062;
244800000.0,-119.5623779296875;
244900000.0,-119.58413696289062;
245000000.0,-119.56489562988281;
245100000.0,-119.60884857177734;
245200000.0,-119.73146057128906;
245300000.0,-119.56828308105469;
245400000.0,-119.56526184082031;
245500000.0,-119.38629913330078;
245600000.0,-119.48112487792969;
245700000.0,-119.778564453125;
245800000.0,-119.85336303710938;
245900000.0,-119.78648376464844;
246000000.0,-119.69696807861328;
246100000.0,-119.56617736816406;
246200000.0,-119.47754669189453;
246300000.0,-119.61554718017578;
246400000.0,-119.72809600830078;
246500000.0,-119.62378692626953;
246600000.0,-119.82547760009766;
246700000.0,-119.78313446044922;
246800000.0,-119.75479125976562;
246900000.0,-119.78150939941406;
247000000.0,-119.68628692626953;
247100000.0,-119.61407470703125;
247200000.0,-119.71142578125;
247300000.0,-119.72232818603516;
247400000.0,-119.7127685546875;
247500000.0,-119.69212341308594;
247600000.0,-119.66063690185547;
247700000.0,-119.68305969238281;
247800000.0,-119.6099853515625;
247900000.0,-119.72557830810547;
248000000.0,-119.82659149169922;
248100000.0,-119.79508972167969;
248200000.0,-119.58175659179688;
248300000.0,-119.53141021728516;
248400000.0,-119.67010498046875;
248500000.0,-119.67814636230469;
248600000.0,-119.5909423828125;
248700000.0,-119.60739135742188;
248800000.0,-119.7598648071289;
248900000.0,-119.73793029785156;
249000000.0,-119.68705749511719;
249100000.0,-119.53630065917969;
249200000.0,-119.61834716796875;
249300000.0,-119.71080780029297;
249400000.0,-119.78862762451172;
249500000.0,-119.69712829589844;
249600000.0,-119.64051055908203;
249700000.0,-119.510009765625;
249800000.0,-119.56063079833984;
249900000.0,-120.3822021484375;
250000000.0,-124.28776550292969;
250100000.0,-120.37252807617188;
250200000.0,-119.54835510253906;
250300000.0,-119.63484954833984;
250400000.0,-119.6609115600586;
250500000.0,-119.67341613769531;
250600000.0,-119.7244873046875;
250700000.0,-119.6333999633789;
250800000.0,-119.66080474853516;
250900000.0,-119.72203063964844;
251000000.0,-119.74188995361328;
251100000.0,-119.75514221191406;
251200000.0,-119.87403106689453;
251300000.0,-119.71807861328125;
251400000.0,-119.7511978149414;
251500000.0,-119.78640747070312;
251600000.0,-119.59408569335938;
251700000.0,-119.70254516601562;
251800000.0,-119.82595825195312;
251900000.0,-119.64786529541016;
252000000.0,-119.69573974609375;
252100000.0,-119.64095306396484;
252200000.0,-119.5731430053711;
252300000.0,-119.67131805419922;
252400000.0,-119.57007598876953;
252500000.0,-119.5034408569336;
252600000.0,-119.71129608154297;
252700000.0,-119.72723388671875;
252800000.0,-119.85873413085938;
252900000.0,-119.84942626953125;
253000000.0,-119.86324310302734;
253100000.0,-119.62826538085938;
253200000.0,-119.63385772705078;
253300000.0,-119.71871948242188;
253400000.0,-119.87559509277344;
253500000.0,-119.81533813476562;
253600000.0,-119.7199935913086;
253700000.0,-119.75640106201172;
253800000.0,-119.60227966308594;
253900000.0,-119.47020721435547;
254000000.0,-119.64051055908203;
254100000.0,-119.74259948730469;
254200000.0,-119.66896057128906;
254300000.0,-119.60213470458984;
254400000.0,-119.56982421875;
254500000.0,-119.57848358154297;
254600000.0,-119.5966796875;
254700000.0,-119.50544738769531;
254800000.0,-119.54041290283203;
254900000.0,-119.56954193115234;
255000000.0,-119.51155853271484;
255100000.0,-119.42222595214844;
255200000.0,-119.50188446044922;
255300000.0,-119.57488250732422;
255400000.0,-119.7288589477539;
255500000.0,-119.66826629638672;
255600000.0,-119.62025451660156;
255700000.0,-119.74742889404297;
255800000.0,-119.83425903320312;
255900000.0,-119.7799072265625;
256000000.0,-119.69631958007812;
256100000.0,-119.6519775390625;
256200000.0,-119.58879089355469;
256300000.0,-119.56023406982422;
256400000.0,-119.64966583251953;
256500000.0,-119.58301544189453;
256600000.0,-119.57588195800781;
256700000.0,-119.62161254882812;
256800000.0,-119.57002258300781;
256900000.0,-119.45805358886719;
257000000.0,-119.58393096923828;
257100000.0,-119.49809265136719;
257200000.0,-119.52648162841797;
257300000.0,-119.65130615234375;
257400000.0,-119.55332946777344;
257500000.0,-119.65951538085938;
257600000.0,-119.64418029785156;
257700000.0,-119.70938873291016;
257800000.0,-119.58677673339844;
257900000.0,-119.58329010009766;
258000000.0,-119.85797119140625;
258100000.0,-119.80331420898438;
258200000.0,-119.75363159179688;
258300000.0,-119.71737670898438;
258400000.0,-119.70881652832031;
258500000.0,-119.78150177001953;
258600000.0,-119.84386444091797;
258700000.0,-119.84674072265625;
258800000.0,-119.8628158569336;
258900000.0,-119.73158264160156;
259000000.0,-119.73828125;
259100000.0,-119.76852416992188;
259200000.0,-119.77081298828125;
259300000.0,-119.85804748535156;
259400000.0,-119.82978057861328;
259500000.0,-119.708740234375;
259600000.0,-119.8281021118164;
259700000.0,-119.88385009765625;
259800000.0,-119.96845245361328;
259900000.0,-119.38526916503906;
260000000.0,-117.45438385009766;
260100000.0,-119.29580688476562;
260200000.0,-120.09303283691406;
260300000.0,-120.05516052246094;
260400000.0,-119.98321533203125;
260500000.0,-119.96749877929688;
260600000.0,-120.07246398925781;
260700000.0,-120.04376220703125;
260800000.0,-120.0289306640625;
260900000.0,-119.86405944824219;
261000000.0,-119.79689025878906;
261100000.0,-119.87557983398438;
261200000.0,-119.93729400634766;
261300000.0,-120.02356719970703;
261400000.0,-119.81034088134766;
261500000.0,-119.714111328125;
261600000.0,-119.73883819580078;
261700000.0,-119.72920227050781;
261800000.0,-119.75322723388672;
261900000.0,-119.67694091796875;
262000000.0,-119.5748291015625;
262100000.0,-119.50680541992188;
262200000.0,-119.54507446289062;
262300000.0,-119.63446807861328;
262400000.0,-119.80765533447266;
262500000.0,-119.81202697753906;
262600000.0,-119.71533966064453;
262700000.0,-119.80108642578125;
262800000.0,-119.83255004882812;
262900000.0,-119.7342758178711;
263000000.0,-119.84925079345703;
263100000.0,-119.74092102050781;
263200000.0,-119.72530364990234;
263300000.0,-119.73483276367188;
263400000.0,-119.79938507080078;
263500000.0,-119.78887939453125;
263600000.0,-119.81536102294922;
263700000.0,-119.8406982421875;
263800000.0,-119.84032440185547;
263900000.0,-119.82768249511719;
264000000.0,-119.90402221679688;
264100000.0,-119.97660827636719;
264200000.0,-119.69794464111328;
264300000.0,-119.6700668334961;
264400000.0,-119.83094787597656;
264500000.0,-119.82557678222656;
264600000.0,-119.7795181274414;
264700000.0,-119.87297058105469;
264800000.0,-119.75120544433594;
264900000.0,-119.77896118164062;
265000000.0,-119.88996887207031;
265100000.0,-119.83051300048828;
265200000.0,-119.67546081542969;
265300000.0,-119.7782974243164;
265400000.0,-119.88508605957031;
265500000.0,-119.8897705078125;
265600000.0,-119.76382446289062;
265700000.0,-119.735595703125;
265800000.0,-119.7926025390625;
265900000.0,-119.84271240234375;
266000000.0,-119.70481872558594;
266100000.0,-119.76542663574219;
266200000.0,-119.7408218383789;
266300000.0,-119.75906372070312;
266400000.0,-119.80754852294922;
266500000.0,-119.68118286132812;
266600000.0,-119.7903060913086;
266700000.0,-119.75785064697266;
266800000.0,-119.72232055664062;
266900000.0,-119.87413024902344;
267000000.0,-119.84233856201172;
267100000.0,-119.8684310913086;
267200000.0,-119.89999389648438;
267300000.0,-119.89535522460938;
267400000.0,-119.85859680175781;
267500000.0,-119.77676391601562;
267600000.0,-119.67110443115234;
267700000.0,-119.73622131347656;
267800000.0,-119.86418151855469;
267900000.0,-119.8245849609375;
268000000.0,-119.77156829833984;
268100000.0,-119.91187286376953;
268200000.0,-119.85343933105469;
268300000.0,-119.94956970214844;
268400000.0,-119.91382598876953;
268500000.0,-119.72533416748047;
268600000.0,-119.7322006225586;
268700000.0,-119.75321960449219;
268800000.0,-119.79586791992188;
268900000.0,-119.8468017578125;
269000000.0,-119.87153625488281;
269100000.0,-119.73823547363281;
269200000.0,-119.70484924316406;
269300000.0,-119.74908447265625;
269400000.0,-119.86515045166016;
269500000.0,-119.82017517089844;
269600000.0,-119.82220458984375;
269700000.0,-119.85777282714844;
269800000.0,-119.75990295410156;
269900000.0,-120.41325378417969;
270000000.0,-124.47978210449219;
270100000.0,-120.4873046875;
270200000.0,-119.70608520507812;
270300000.0,-119.75875091552734;
270400000.0,-119.78857421875;
270500000.0,-119.9000473022461;
270600000.0,-119.84935760498047;
270700000.0,-119.80782318115234;
270800000.0,-119.78938293457031;
270900000.0,-119.7927474975586;
271000000.0,-119.78668212890625;
271100000.0,-119.74738311767578;
271200000.0,-119.65351104736328;
271300000.0,-119.74716186523438;
271400000.0,-119.93983459472656;
271500000.0,-119.82881164550781;
271600000.0,-119.78440856933594;
271700000.0,-119.7801513671875;
271800000.0,-119.7634506225586;
271900000.0,-119.80841064453125;
272000000.0,-119.78494262695312;
272100000.0,-119.87425994873047;
272200000.0,-119.82001495361328;
272300000.0,-119.76959228515625;
272400000.0,-119.79249572753906;
272500000.0,-119.79435729980469;
272600000.0,-119.91649627685547;
272700000.0,-119.77161407470703;
272800000.0,-119.72884368896484;
272900000.0,-119.74497985839844;
273000000.0,-119.83905029296875;
273100000.0,-119.82102966308594;
273200000.0,-119.90605163574219;
273300000.0,-119.9952621459961;
273400000.0,-119.88795471191406;
273500000.0,-119.61272430419922;
273600000.0,-119.62128448486328;
273700000.0,-119.6060791015625;
273800000.0,-119.73031616210938;
273900000.0,-119.86019134521484;
274000000.0,-119.8763427734375;
274100000.0,-119.73998260498047;
274200000.0,-119.72381591796875;
274300000.0,-119.55712890625;
274400000.0,-119.5494155883789;
274500000.0,-119.73189544677734;
274600000.0,-119.86446380615234;
274700000.0,-119.79531860351562;
274800000.0,-119.89678955078125;
274900000.0,-119.82875061035156;
275000000.0,-119.74510192871094;
275100000.0,-119.74852752685547;
275200000.0,-119.7538070678711;
275300000.0,-119.76044464111328;
275400000.0,-119.74557495117188;
275500000.0,-119.61730194091797;
275600000.0,-119.70328521728516;
275700000.0,-119.76368713378906;
275800000.0,-119.74012756347656;
275900000.0,-119.8182601928711;
276000000.0,-119.7562484741211;
276100000.0,-119.72956848144531;
276200000.0,-119.86296081542969;
276300000.0,-119.7679214477539;
276400000.0,-119.74776458740234;
276500000.0,-119.67025756835938;
276600000.0,-119.65182495117188;
276700000.0,-119.72576904296875;
276800000.0,-119.66818237304688;
276900000.0,-119.79366302490234;
277000000.0,-119.7581558227539;
277100000.0,-119.73367309570312;
277200000.0,-119.87641906738281;
277300000.0,-119.74304962158203;
277400000.0,-119.82720184326172;
277500000.0,-119.7879409790039;
277600000.0,-119.68572998046875;
277700000.0,-119.68241882324219;
277800000.0,-119.75007629394531;
277900000.0,-119.77520751953125;
278000000.0,-119.68850708007812;
278100000.0,-119.77676391601562;
278200000.0,-119.85958862304688;
278300000.0,-119.74937438964844;
278400000.0,-119.84551239013672;
278500000.0,-119.88230895996094;
278600000.0,-119.84286499023438;
278700000.0,-119.85789489746094;
278800000.0,-119.79240417480469;
278900000.0,-119.87178039550781;
279000000.0,-119.86212921142578;
279100000.0,-119.81961059570312;
279200000.0,-119.99442291259766;
279300000.0,-119.96438598632812;
279400000.0,-120.02493286132812;
279500000.0,-119.93940734863281;
279600000.0,-120.0684814453125;
279700000.0,-120.22694396972656;
279800000.0,-120.05686950683594;
279900000.0,-119.07548522949219;
280000000.0,-118.1912841796875;
280100000.0,-119.54444122314453;
280200000.0,-120.04100036621094;
280300000.0,-120.08045959472656;
280400000.0,-120.06254577636719;
280500000.0,-120.0616455078125;
280600000.0,-120.04869079589844;
280700000.0,-120.01995849609375;
280800000.0,-120.05728912353516;
280900000.0,-119.92996215820312;
281000000.0,-119.89154815673828;
281100000.0,-119.79501342773438;
281200000.0,-119.89380645751953;
281300000.0,-119.86994934082031;
281400000.0,-119.82420349121094;
281500000.0,-119.83172607421875;
281600000.0,-119.90275573730469;
281700000.0,-120.06452941894531;
281800000.0,-119.77165985107422;
281900000.0,-119.6126937866211;
282000000.0,-119.55597686767578;
282100000.0,-119.75318145751953;
282200000.0,-119.66377258300781;
282300000.0,-119.57044982910156;
282400000.0,-119.6346664428711;
282500000.0,-119.6898193359375;
282600000.0,-119.7776107788086;
282700000.0,-119.69828796386719;
282800000.0,-119.6395034790039;
282900000.0,-119.74403381347656;
283000000.0,-119.76219177246094;
283100000.0,-119.8182373046875;
283200000.0,-119.74644470214844;
283300000.0,-119.83343505859375;
283400000.0,-119.73778533935547;
283500000.0,-119.7767562866211;
283600000.0,-119.70294952392578;
283700000.0,-119.890380859375;
283800000.0,-119.76116180419922;
283900000.0,-119.70223236083984;
284000000.0,-119.74653625488281;
284100000.0,-119.77458953857422;
284200000.0,-119.6873550415039;
284300000.0,-119.75907897949219;
284400000.0,-119.76146697998047;
284500000.0,-119.7090072631836;
284600000.0,-119.58454895019531;
284700000.0,-119.77677154541016;
284800000.0,-119.73155975341797;
284900000.0,-119.6829833984375;
285000000.0,-119.63407897949219;
285100000.0,-119.6028060913086;
285200000.0,-119.73960876464844;
285300000.0,-119.78199768066406;
285400000.0,-119.80726623535156;
285500000.0,-119.82487487792969;
285600000.0,-119.81442260742188;
285700000.0,-119.93727111816406;
285800000.0,-119.81111145019531;
285900000.0,-119.63715362548828;
286000000.0,-119.56745147705078;
286100000.0,-119.7646484375;
286200000.0,-119.85127258300781;
286300000.0,-119.76334381103516;
286400000.0,-119.77509307861328;
286500000.0,-119.83696746826172;
286600000.0,-119.86564636230469;
286700000.0,-119.8440933227539;
286800000.0,-119.88681030273438;
286900000.0,-119.77249908447266;
287000000.0,-119.81794738769531;
287100000.0,-119.83502197265625;
287200000.0,-119.90252685546875;
287300000.0,-119.84130859375;
287400000.0,-119.70252990722656;
287500000.0,-119.71772003173828;
287600000.0,-119.84896850585938;
287700000.0,-119.85682678222656;
287800000.0,-119.82402801513672;
287900000.0,-119.90667724609375;
288000000.0,-119.901611328125;
288100000.0,-119.7377700805664;
288200000.0,-119.79006958007812;
288300000.0,-119.8411636352539;
288400000.0,-119.85202026367188;
288500000.0,-119.87452697753906;
288600000.0,-119.82106018066406;
288700000.0,-119.77926635742188;
288800000.0,-119.84185028076172;
288900000.0,-119.84534454345703;
289000000.0,-119.75758361816406;
289100000.0,-119.74979400634766;
289200000.0,-119.69348907470703;
289300000.0,-119.65229034423828;
289400000.0,-119.83012390136719;
289500000.0,-119.82268524169922;
289600000.0,-119.8237533569336;
289700000.0,-119.79067993164062;
289800000.0,-119.57615661621094;
289900000.0,-120.36986541748047;
290000000.0,-124.2635498046875;
290100000.0,-120.32042694091797;
290200000.0,-119.52845764160156;
290300000.0,-119.6687240600586;
290400000.0,-119.8002700805664;
290500000.0,-119.78805541992188;
290600000.0,-119.72999572753906;
290700000.0,-119.67985534667969;
290800000.0,-119.71505737304688;
290900000.0,-119.8337631225586;
291000000.0,-119.88288879394531;
291100000.0,-119.83634948730469;
291200000.0,-119.7667236328125;
291300000.0,-119.6921157836914;
291400000.0,-119.74043273925781;
291500000.0,-119.65019989013672;
291600000.0,-119.72759246826172;
291700000.0,-119.87418365478516;
291800000.0,-119.78011322021484;
291900000.0,-119.72927856445312;
292000000.0,-119.91096496582031;
292100000.0,-119.97757720947266;
292200000.0,-119.91728973388672;
292300000.0,-119.90618896484375;
292400000.0,-119.83851623535156;
292500000.0,-119.8714370727539;
292600000.0,-119.79716491699219;
292700000.0,-119.84550476074219;
292800000.0,-119.85562133789062;
292900000.0,-119.7581787109375;
293000000.0,-119.82138061523438;
293100000.0,-119.87545776367188;
293200000.0,-119.84194946289062;
293300000.0,-119.67340087890625;
293400000.0,-119.75251007080078;
293500000.0,-119.84660339355469;
293600000.0,-119.98729705810547;
293700000.0,-119.79964447021484;
293800000.0,-119.74800872802734;
293900000.0,-119.82830047607422;
294000000.0,-119.90145874023438;
294100000.0,-119.83903503417969;
294200000.0,-119.82920837402344;
294300000.0,-119.83277130126953;
294400000.0,-119.74762725830078;
294500000.0,-119.70696258544922;
294600000.0,-119.84625244140625;
294700000.0,-119.63719177246094;
294800000.0,-119.70467376708984;
294900000.0,-119.82818603515625;
295000000.0,-119.66251373291016;
295100000.0,-119.62189483642578;
295200000.0,-119.63362884521484;
295300000.0,-119.62281036376953;
295400000.0,-119.63085174560547;
295500000.0,-119.69032287597656;
295600000.0,-119.75863647460938;
295700000.0,-119.83544921875;
295800000.0,-119.75017547607422;
295900000.0,-119.69390869140625;
296000000.0,-119.72034454345703;
296100000.0,-119.73880767822266;
296200000.0,-119.67975616455078;
296300000.0,-119.67744445800781;
296400000.0,-119.58786010742188;
296500000.0,-119.72599029541016;
296600000.0,-119.74358367919922;
296700000.0,-119.74406433105469;
296800000.0,-119.6994400024414;
296900000.0,-119.73225402832031;
297000000.0,-119.7231674194336;
297100000.0,-119.6353530883789;
297200000.0,-119.60151672363281;
297300000.0,-119.57411193847656;
297400000.0,-119.69917297363281;
297500000.0,-119.70242309570312;
297600000.0,-119.82791900634766;
297700000.0,-119.80805206298828;
297800000.0,-119.73128509521484;
297900000.0,-119.61548614501953;
298000000.0,-119.41024017333984;
298100000.0,-119.79579162597656;
298200000.0,-119.84203338623047;
298300000.0,-119.84268188476562;
298400000.0,-119.75269317626953;
298500000.0,-119.765625;
298600000.0,-119.70262145996094;
298700000.0,-119.80057525634766;
298800000.0,-120.04795837402344;
298900000.0,-119.98091888427734;
299000000.0,-119.90107727050781;
299100000.0,-119.9612808227539;
299200000.0,-119.9574203491211;
299300000.0,-119.96428680419922;
299400000.0,-119.99217224121094;
299500000.0,-120.11222839355469;
299600000.0,-120.09545135498047;
299700000.0,-120.02478790283203;
299800000.0,-119.9676513671875;
299900000.0,-119.48617553710938;
