1000000.0000000005,-113.01300048828125;
1100000.0000000005,-114.23468780517578;
1200000.0000000005,-114.4929428100586;
1300000.0000000005,-113.73808288574219;
1400000.0000000005,-112.92031860351562;
1500000.0000000005,-112.05235290527344;
1600000.0000000005,-111.07254791259766;
1700000.0000000005,-110.11746215820312;
1800000.0000000005,-109.05194091796875;
1900000.0000000005,-107.97459411621094;
2000000.0000000002,-107.11602020263672;
2100000.0,-107.31896209716797;
2200000.0,-104.57782745361328;
2300000.0,-102.90111541748047;
2400000.0,-105.80390167236328;
2500000.0,-106.64932250976562;
2600000.0,-106.90608215332031;
2700000.0,-106.94466400146484;
2800000.0,-106.94903564453125;
2900000.0,-107.00100708007812;
3000000.0,-106.88433837890625;
3100000.0,-107.21965026855469;
3200000.0,-107.47222900390625;
3300000.0,-107.14049530029297;
3400000.0,-107.3328857421875;
3500000.0,-107.51704406738281;
3600000.0,-106.67802429199219;
3700000.0,-104.66374206542969;
3800000.0,-102.4973373413086;
3900000.0,-97.5771484375;
4000000.0,-101.39496612548828;
4100000.0,-99.14371490478516;
4200000.0,-104.6775131225586;
4300000.0,-107.2859115600586;
4400000.0,-107.34424591064453;
4500000.0,-101.05683898925781;
4600000.0,-101.02598571777344;
4700000.0,-108.02361297607422;
4800000.0,-108.75469970703125;
4900000.0,-108.60820007324219;
5000000.0,-108.48751831054688;
5100000.0,-109.13374328613281;
5200000.0,-109.3545150756836;
5300000.0,-108.7754135131836;
5400000.0,-108.80833435058594;
5500000.0,-109.08987426757812;
5600000.0,-108.56242370605469;
5700000.0,-108.48435974121094;
5800000.0,-109.61333465576172;
5900000.0,-91.89387512207031;
6000000.0,-85.92620849609375;
6100000.0,-91.88231658935547;
6200000.0,-111.37027740478516;
6300000.0,-112.05738830566406;
6400000.0,-112.87879180908203;
6500000.0,-113.5450439453125;
6600000.0,-113.13212585449219;
6700000.0,-112.28905487060547;
6800000.0,-112.72105407714844;
6900000.0,-113.31442260742188;
