750000000.0,-76.91099548339844;
750100000.0,-76.74966430664062;
750200000.0,-76.83305358886719;
750300000.0,-76.6966323852539;
750400000.0,-76.43437957763672;
750500000.0,-76.47242736816406;
750600000.0,-76.66394805908203;
750700000.0,-76.88250732421875;
750800000.0,-76.94256591796875;
750900000.0,-77.51069641113281;
751000000.0,-81.33169555664062;
751100000.0,-77.5181884765625;
751200000.0,-76.69163513183594;
751300000.0,-76.69255065917969;
751400000.0,-76.94927978515625;
751500000.0,-76.8074722290039;
751600000.0,-76.8244400024414;
751700000.0,-76.74478149414062;
751800000.0,-76.75528717041016;
751900000.0,-76.91214752197266;
752000000.0,-112.7937240600586;
752100000.0,-114.37042236328125;
752200000.0,-115.24861145019531;
752300000.0,-115.40675354003906;
752400000.0,-115.44925689697266;
752500000.0,-115.56004333496094;
752600000.0,-115.54320526123047;
752700000.0,-115.59131622314453;
752800000.0,-115.53704071044922;
752900000.0,-116.16696166992188;
753000000.0,-120.03707885742188;
753100000.0,-116.08497619628906;
753200000.0,-115.3341064453125;
753300000.0,-115.43560791015625;
753400000.0,-115.42251586914062;
753500000.0,-115.40216064453125;
753600000.0,-115.27587890625;
753700000.0,-115.30770111083984;
753800000.0,-115.21414184570312;
753900000.0,-114.42687225341797;
754000000.0,-116.4817886352539;
754100000.0,-116.50211334228516;
754200000.0,-116.5908432006836;
754300000.0,-116.62120819091797;
754400000.0,-116.64344787597656;
754500000.0,-116.6513900756836;
754600000.0,-116.67488861083984;
754700000.0,-116.64535522460938;
754800000.0,-116.6623306274414;
754900000.0,-117.38663482666016;
755000000.0,-121.3840560913086;
755100000.0,-117.3733901977539;
755200000.0,-116.65461730957031;
755300000.0,-116.66024017333984;
755400000.0,-116.6708755493164;
755500000.0,-116.67244720458984;
755600000.0,-116.66363525390625;
755700000.0,-116.63910675048828;
755800000.0,-116.61296081542969;
755900000.0,-116.53227233886719;
756000000.0,-110.71435546875;
756100000.0,-111.59674072265625;
756200000.0,-112.73392486572266;
756300000.0,-113.63846588134766;
756400000.0,-114.58334350585938;
756500000.0,-115.06481170654297;
756600000.0,-115.2371597290039;
756700000.0,-115.12213134765625;
756800000.0,-114.87420654296875;
756900000.0,-115.47966766357422;
757000000.0,-119.14653015136719;
757100000.0,-115.19489288330078;
757200000.0,-114.59928894042969;
757300000.0,-113.87145233154297;
757400000.0,-113.43812561035156;
757500000.0,-112.79006958007812;
757600000.0,-112.39797973632812;
757700000.0,-111.93836975097656;
757800000.0,-111.23652648925781;
757900000.0,-110.79972839355469;
758000000.0,-113.33121490478516;
758100000.0,-114.86953735351562;
758200000.0,-115.56187438964844;
758300000.0,-115.56239318847656;
758400000.0,-115.70187377929688;
758500000.0,-115.73147583007812;
758600000.0,-115.69583892822266;
758700000.0,-115.71076202392578;
758800000.0,-115.69206237792969;
758900000.0,-116.39628601074219;
759000000.0,-120.34841918945312;
759100000.0,-116.4625244140625;
759200000.0,-115.664306640625;
759300000.0,-115.5976791381836;
759400000.0,-115.59718322753906;
759500000.0,-115.63938903808594;
759600000.0,-115.57564544677734;
759700000.0,-115.46823120117188;
759800000.0,-115.42546081542969;
759900000.0,-114.78595733642578;
760000000.0,-97.93817138671875;
760100000.0,-99.52778625488281;
760200000.0,-101.68055725097656;
760300000.0,-104.06733703613281;
760400000.0,-106.02298736572266;
760500000.0,-107.62940979003906;
760600000.0,-107.948974609375;
760700000.0,-107.75921630859375;
760800000.0,-106.48965454101562;
760900000.0,-102.9948501586914;
761000000.0,-103.71861267089844;
761100000.0,-98.49147033691406;
761200000.0,-98.00938415527344;
761300000.0,-98.0252685546875;
761400000.0,-97.5132827758789;
761500000.0,-97.70130920410156;
761600000.0,-97.86151123046875;
761700000.0,-97.19195556640625;
761800000.0,-97.20809936523438;
761900000.0,-97.59016418457031;
762000000.0,-82.33683776855469;
762100000.0,-82.87538146972656;
762200000.0,-83.63200378417969;
762300000.0,-84.27964782714844;
762400000.0,-84.18092346191406;
762500000.0,-84.43464660644531;
762600000.0,-84.24304962158203;
762700000.0,-84.50898742675781;
762800000.0,-84.59225463867188;
762900000.0,-85.93263244628906;
763000000.0,-89.3800048828125;
763100000.0,-84.9940185546875;
763200000.0,-84.50582885742188;
763300000.0,-83.98138427734375;
763400000.0,-84.4064712524414;
763500000.0,-84.05581665039062;
763600000.0,-83.59879302978516;
763700000.0,-83.31813049316406;
763800000.0,-82.97020721435547;
763900000.0,-82.6432113647461;
764000000.0,-92.24746704101562;
764100000.0,-91.14462280273438;
764200000.0,-88.91883850097656;
764300000.0,-90.29468536376953;
764400000.0,-91.31893157958984;
764500000.0,-89.99273681640625;
764600000.0,-90.51506805419922;
764700000.0,-91.36256408691406;
764800000.0,-89.91692352294922;
764900000.0,-89.98390197753906;
765000000.0,-97.02658081054688;
765100000.0,-102.18753051757812;
765200000.0,-104.894287109375;
765300000.0,-105.7577133178711;
765400000.0,-106.60228729248047;
765500000.0,-103.56785583496094;
765600000.0,-100.04622650146484;
765700000.0,-98.6751708984375;
765800000.0,-95.52488708496094;
765900000.0,-92.07798767089844;
766000000.0,-83.57036590576172;
766100000.0,-83.00415802001953;
766200000.0,-82.4287109375;
766300000.0,-82.74830627441406;
766400000.0,-82.76765441894531;
766500000.0,-82.1592025756836;
766600000.0,-82.57048797607422;
766700000.0,-82.80524444580078;
766800000.0,-82.57489013671875;
766900000.0,-83.1065673828125;
767000000.0,-89.7264175415039;
767100000.0,-93.81378936767578;
767200000.0,-96.6627426147461;
767300000.0,-98.41667938232422;
767400000.0,-97.859619140625;
767500000.0,-95.7558822631836;
767600000.0,-93.23878479003906;
767700000.0,-90.55584716796875;
767800000.0,-87.27914428710938;
767900000.0,-84.80155944824219;
768000000.0,-112.47903442382812;
768100000.0,-112.53540802001953;
768200000.0,-112.80558776855469;
768300000.0,-113.04622650146484;
768400000.0,-113.34165954589844;
768500000.0,-114.04423522949219;
768600000.0,-114.23773193359375;
768700000.0,-114.36964416503906;
768800000.0,-114.69096374511719;
768900000.0,-115.65476989746094;
769000000.0,-119.76799774169922;
769100000.0,-115.84565734863281;
769200000.0,-115.06745910644531;
769300000.0,-115.14773559570312;
769400000.0,-115.17404174804688;
769500000.0,-115.06661987304688;
769600000.0,-114.79908752441406;
769700000.0,-114.20581817626953;
769800000.0,-113.71316528320312;
769900000.0,-112.89981079101562;
770000000.0,-116.7518539428711;
770100000.0,-116.82402038574219;
770200000.0,-116.90596771240234;
770300000.0,-116.8277359008789;
770400000.0,-116.84466552734375;
770500000.0,-116.9266357421875;
770600000.0,-116.88168334960938;
770700000.0,-116.86215209960938;
770800000.0,-116.92756652832031;
770900000.0,-117.65296173095703;
771000000.0,-121.69898223876953;
771100000.0,-117.65165710449219;
771200000.0,-116.89434814453125;
771300000.0,-116.81837463378906;
771400000.0,-116.81941986083984;
771500000.0,-116.89674377441406;
771600000.0,-116.86619567871094;
771700000.0,-116.84321594238281;
771800000.0,-116.87522888183594;
771900000.0,-116.79429626464844;
772000000.0,-116.48182678222656;
772100000.0,-116.4600830078125;
772200000.0,-116.44219970703125;
772300000.0,-116.38373565673828;
772400000.0,-116.45158386230469;
772500000.0,-116.57791900634766;
772600000.0,-116.56173706054688;
772700000.0,-116.4866943359375;
772800000.0,-116.54660034179688;
772900000.0,-117.33847045898438;
773000000.0,-121.39461517333984;
773100000.0,-117.3902816772461;
773200000.0,-116.62770080566406;
773300000.0,-116.58700561523438;
773400000.0,-116.58973693847656;
773500000.0,-116.67571258544922;
773600000.0,-116.6400146484375;
773700000.0,-116.58660888671875;
773800000.0,-116.53584289550781;
773900000.0,-116.45265197753906;
774000000.0,-117.08843231201172;
774100000.0,-117.18245697021484;
774200000.0,-117.21092987060547;
774300000.0,-117.1828384399414;
774400000.0,-117.1552734375;
774500000.0,-117.25448608398438;
774600000.0,-117.231689453125;
774700000.0,-117.2208023071289;
774800000.0,-117.29591369628906;
774900000.0,-118.12046813964844;
775000000.0,-122.09590148925781;
775100000.0,-118.07781982421875;
775200000.0,-117.29972839355469;
775300000.0,-117.26152038574219;
775400000.0,-117.258056640625;
775500000.0,-117.20346069335938;
775600000.0,-117.18199920654297;
775700000.0,-117.23475646972656;
775800000.0,-117.24247741699219;
775900000.0,-117.15635681152344;
776000000.0,-117.09272766113281;
776100000.0,-117.07412719726562;
776200000.0,-117.16233825683594;
776300000.0,-117.2056884765625;
776400000.0,-117.20061492919922;
776500000.0,-117.28630065917969;
776600000.0,-117.3178482055664;
776700000.0,-117.25205993652344;
776800000.0,-117.31515502929688;
776900000.0,-118.08219146728516;
777000000.0,-122.00509643554688;
777100000.0,-118.06097412109375;
777200000.0,-117.2651596069336;
777300000.0,-117.25942993164062;
777400000.0,-117.30400085449219;
777500000.0,-117.27519989013672;
777600000.0,-117.24067687988281;
777700000.0,-117.26134490966797;
777800000.0,-117.22987365722656;
777900000.0,-117.1798324584961;
778000000.0,-116.55795288085938;
778100000.0,-116.720947265625;
778200000.0,-116.73956298828125;
778300000.0,-116.73500061035156;
778400000.0,-116.7213363647461;
778500000.0,-116.73625946044922;
778600000.0,-116.71495056152344;
778700000.0,-116.6969985961914;
778800000.0,-116.68276977539062;
778900000.0,-117.49031829833984;
779000000.0,-121.4825439453125;
779100000.0,-117.51336669921875;
779200000.0,-116.71202850341797;
779300000.0,-116.72647094726562;
779400000.0,-116.74542236328125;
779500000.0,-116.73661804199219;
779600000.0,-116.6682357788086;
779700000.0,-116.70590209960938;
779800000.0,-116.73267364501953;
779900000.0,-116.68052673339844;
780000000.0,-112.89555358886719;
780100000.0,-113.70252990722656;
780200000.0,-114.93675231933594;
780300000.0,-115.17323303222656;
780400000.0,-115.189697265625;
780500000.0,-115.21157836914062;
780600000.0,-115.2778549194336;
780700000.0,-115.2663345336914;
780800000.0,-115.24703979492188;
780900000.0,-115.87251281738281;
781000000.0,-119.80412292480469;
781100000.0,-115.93682098388672;
781200000.0,-115.22711181640625;
781300000.0,-115.16890716552734;
781400000.0,-115.19611358642578;
781500000.0,-115.2677993774414;
781600000.0,-115.21371459960938;
781700000.0,-115.08159637451172;
781800000.0,-114.88772583007812;
781900000.0,-113.87434387207031;
782000000.0,-112.600341796875;
782100000.0,-113.06610870361328;
782200000.0,-114.4645767211914;
782300000.0,-114.9178695678711;
782400000.0,-115.10700988769531;
782500000.0,-115.16093444824219;
782600000.0,-115.10987091064453;
782700000.0,-115.02307891845703;
782800000.0,-115.02816772460938;
782900000.0,-115.75325012207031;
783000000.0,-119.73765563964844;
783100000.0,-115.74722290039062;
783200000.0,-115.08857727050781;
783300000.0,-115.13603973388672;
783400000.0,-115.15330505371094;
783500000.0,-115.18760681152344;
783600000.0,-115.19186401367188;
783700000.0,-115.10296630859375;
783800000.0,-114.85039520263672;
783900000.0,-113.71521759033203;
784000000.0,-116.6204833984375;
784100000.0,-116.69841766357422;
784200000.0,-116.73379516601562;
784300000.0,-116.78595733642578;
784400000.0,-116.79513549804688;
784500000.0,-116.73944091796875;
784600000.0,-116.73292541503906;
784700000.0,-116.71749114990234;
784800000.0,-116.70032501220703;
784900000.0,-117.516357421875;
785000000.0,-121.57865905761719;
785100000.0,-117.53054809570312;
785200000.0,-116.728515625;
785300000.0,-116.74687194824219;
785400000.0,-116.67239379882812;
785500000.0,-116.72779083251953;
785600000.0,-116.79457092285156;
785700000.0,-116.80663299560547;
785800000.0,-116.73126983642578;
785900000.0,-116.67425537109375;
786000000.0,-116.81535339355469;
786100000.0,-116.87480926513672;
786200000.0,-116.86119079589844;
786300000.0,-116.83656311035156;
786400000.0,-116.86231994628906;
786500000.0,-116.9484634399414;
786600000.0,-116.94287109375;
786700000.0,-116.98124694824219;
786800000.0,-117.0181655883789;
786900000.0,-117.7969970703125;
787000000.0,-121.72377014160156;
787100000.0,-117.7940673828125;
787200000.0,-117.04615783691406;
787300000.0,-117.02137756347656;
787400000.0,-116.95425415039062;
787500000.0,-116.93269348144531;
787600000.0,-116.84208679199219;
787700000.0,-116.81487274169922;
787800000.0,-116.88426208496094;
787900000.0,-116.85443878173828;
788000000.0,-117.10198974609375;
788100000.0,-117.1627197265625;
788200000.0,-117.23197937011719;
788300000.0,-117.27471923828125;
788400000.0,-117.2596664428711;
788500000.0,-117.32058715820312;
788600000.0,-117.256591796875;
788700000.0,-117.191162109375;
788800000.0,-117.29508972167969;
788900000.0,-118.06420135498047;
789000000.0,-122.05412292480469;
789100000.0,-118.09442138671875;
789200000.0,-117.3207778930664;
789300000.0,-117.19264221191406;
789400000.0,-117.23588562011719;
789500000.0,-117.30591583251953;
789600000.0,-117.30636596679688;
789700000.0,-117.280029296875;
789800000.0,-117.21015167236328;
789900000.0,-117.14259338378906;
790000000.0,-117.17162322998047;
790100000.0,-117.242919921875;
790200000.0,-117.3427963256836;
790300000.0,-117.32264709472656;
790400000.0,-117.2719497680664;
790500000.0,-117.2995834350586;
790600000.0,-117.35836791992188;
790700000.0,-117.32743835449219;
790800000.0,-117.32167053222656;
790900000.0,-118.1327896118164;
791000000.0,-122.04842376708984;
791100000.0,-118.11202239990234;
791200000.0,-117.34330749511719;
791300000.0,-117.30453491210938;
791400000.0,-117.3330307006836;
791500000.0,-117.28813934326172;
791600000.0,-117.28437805175781;
791700000.0,-117.30888366699219;
791800000.0,-117.33979034423828;
791900000.0,-117.28398132324219;
792000000.0,-117.00593566894531;
792100000.0,-117.09443664550781;
792200000.0,-117.19554901123047;
792300000.0,-117.19538879394531;
792400000.0,-117.12336730957031;
792500000.0,-117.16576385498047;
792600000.0,-117.18692016601562;
792700000.0,-117.24918365478516;
792800000.0,-117.28582763671875;
792900000.0,-118.0405502319336;
793000000.0,-121.88191223144531;
793100000.0,-118.0409164428711;
793200000.0,-117.26654052734375;
793300000.0,-117.23953247070312;
793400000.0,-117.17879486083984;
793500000.0,-117.15106201171875;
793600000.0,-117.1363754272461;
793700000.0,-117.2000503540039;
793800000.0,-117.18382263183594;
793900000.0,-117.07057189941406;
794000000.0,-116.91998291015625;
794100000.0,-116.96780395507812;
794200000.0,-116.9515380859375;
794300000.0,-116.91751098632812;
794400000.0,-116.93234252929688;
794500000.0,-116.97944641113281;
794600000.0,-116.96842956542969;
794700000.0,-117.06346130371094;
794800000.0,-117.14318084716797;
794900000.0,-117.86050415039062;
795000000.0,-121.84950256347656;
795100000.0,-117.84156036376953;
795200000.0,-117.0817642211914;
795300000.0,-116.9914321899414;
795400000.0,-116.97325897216797;
795500000.0,-116.99832916259766;
795600000.0,-116.97282409667969;
795700000.0,-116.94850158691406;
795800000.0,-116.94561004638672;
795900000.0,-116.9561767578125;
796000000.0,-117.10015106201172;
796100000.0,-117.08831024169922;
796200000.0,-117.07243347167969;
796300000.0,-117.08589172363281;
796400000.0,-117.15094757080078;
796500000.0,-117.20063018798828;
796600000.0,-117.10285949707031;
796700000.0,-117.08016967773438;
796800000.0,-117.04714965820312;
796900000.0,-117.80250549316406;
797000000.0,-121.86322021484375;
797100000.0,-117.83196258544922;
797200000.0,-117.0584945678711;
797300000.0,-117.08308410644531;
797400000.0,-117.026611328125;
797500000.0,-117.16021728515625;
797600000.0,-117.18193054199219;
797700000.0,-117.14244842529297;
797800000.0,-117.1047134399414;
797900000.0,-117.13306427001953;
798000000.0,-117.54371643066406;
798100000.0,-117.63119506835938;
798200000.0,-117.65055847167969;
798300000.0,-117.64248657226562;
798400000.0,-117.62318420410156;
798500000.0,-117.64038848876953;
798600000.0,-117.62559509277344;
798700000.0,-117.55558776855469;
798800000.0,-117.61355590820312;
798900000.0,-118.3656005859375;
799000000.0,-122.3939437866211;
799100000.0,-118.37744903564453;
799200000.0,-117.63172912597656;
799300000.0,-117.56957244873047;
799400000.0,-117.63468933105469;
799500000.0,-117.6639175415039;
799600000.0,-117.62471008300781;
799700000.0,-117.60726165771484;
799800000.0,-117.61284637451172;
799900000.0,-117.61270141601562;
